date,result ranking,general classification,race name,distance,PCS point,UCI point
04.05,DNF,,Grand Prix de la Somme « Conseil Général 80» (1.1),192.1,,
16.03,DNF,,Omloop van het Waasland (1.2),191,,
09.03,DNF,,Rabobank Dorpenomloop Rucphen (1.2),187.2,,
08.03,DNF,,Ster van Zwolle (1.2),178,,
22.09,DNF,,Grand Prix d'Isbergues - Pas de Calais (1.1),200.7,,
20.09,DNF,,Grand Prix de la Somme « Conseil Général 80» (1.1),201.8,,
08.09,122,,GP de Fourmies / La Voix du Nord (1.HC),205,,
25.08,21,,Châteauroux Classic de l'Indre Trophée Fenioux (1.1),200.4,,
20.08 » 23.08,,,Tour du Limousin (2.1),,,
21.08,DNF,,Stage 2 - Rochechouart › Ambazac,185.7,,
20.08,137,137,Stage 1 - Limoges › Rochechouart,168,,
08.08 » 11.08,,,Arctic Race of Norway (2.1),,,
,16,,Mountains classification,,,
,35,,Points classification,,,
,12,,General classification,,10,3
11.08,19,,Stage 4 - Sortland › Harstad,155,,
10.08,38,14,Stage 3 - Svolvær › Stokmarknes,201.5,,
09.08,49,38,Stage 2 - Svolvær › Svolvær,156.5,,
08.08,19,21,Stage 1 - Bodø › Bodø,192.5,,
23.06,50,,National Championships France - Road Race (NC),246.6,,
06.06 » 09.06,,,Ronde de l'Oise (2.2),,,
,10,,Points classification,,,
,36,,General classification,,,
09.06,9,,Stage 4 - Beauvais › Rantigny,180.2,,
08.06,42,51,Stage 3 - Le Plessis Belleville › Pont-Sainte-Maxence,190.5,,
07.06,56,56,Stage 2 - Villers-Saint-Paul › Noyon,179.8,,
06.06,5,7,Stage 1 - Clermont-de-l'Oise › Senlis,135.9,,
26.05,33,,Boucles de l'Aulne - Châteaulin (1.1),168,,
25.05,DNF,,Grand Prix de Plumelec-Morbihan (1.1),182,,
18.05 » 19.05,,,Paris-Arras Tour (2.2),,,
,63,,General classification,,,
19.05,62,,Stage 2 - Arras › Arras,182.5,,
18.05,46,46,Stage 1 - Margny les Compiegne › Beaurains,179.3,,
10.05 » 12.05,,,Tour de Picardie (2.1),,,
,38,,Points classification,,,
,35,,General classification,,,
12.05,18,,Stage 3 - Nanteuil-le-Haudouin › Soissons,171,,
11.05,26,39,Stage 2 - Oisemont › Bailleul-sur-Thérain,171,,
10.05,49,51,Stage 1 - Guise › Flixecourt,190,,
01.05 » 05.05,,,4 Jours de Dunkerque - Tour du Nord-Pas-de-Calais (2.HC),,,
04.05,DNF,,Stage 4 - Louvre Lens › Parc Départemental d'Ohlain,181.6,,
03.05,112,106,Stage 3 - Oignies › Lievin,179.1,,
02.05,79,80,Stage 2 - Lewarde › Douchy les Mines,178.2,,
01.05,81,83,Stage 1 - Dunkerque › Courrieres,155.5,,
11.04,110,,GP de Denain Porte du Hainaut (1.1),199,,
09.04,DNF,,Paris-Camembert (1.1),206.5,,
31.03,40,,Val d'Ille Classic - Souvenir Julien Ditlecadet (1.1),190.5,,
29.03,4,,Route Adélie de Vitré (1.1),197.8,32,24
18.03 » 24.03,,,Tour de Normandie (2.2),,,
20.03,DNF,,Stage 2 - Forges-les-Eaux › Elbeuf-sur-Seine,161,,
19.03,63,71,Stage 1 - Colombelles › Forges-les-Eaux,201,,
18.03,56,56,Prologue - Saint-Lô › Saint-Lô,3.4,,
17.03,26,,Cholet-Pays de Loire (1.1),206,,
16.03,7,,Classic Loire Atlantique (1.1),184.8,20,12
10.03,21,,Paris-Troyes (1.2),174.2,,
03.03,92,,Grand Prix de la Ville de Lillers Souvenir Bruno Comini (1.2),174.2,,
24.02,DNF,,Classic Sud Ardèche - Souvenir Francis Delpech (1.1),197.8,,
16.02 » 17.02,,,Tour Cycliste International du Haut Var Matin (2.1),,,
17.02,DNF,,Stage 2 - Draguignan › Draguignan,207,,
16.02,125,125,Stage 1 - Le Cannet des Maures › La Croix Valmer,152.5,,
06.02 » 10.02,,,Tour Méditerranéen Cycliste Professionnel (2.1),,,
09.02,DNS,,Stage 4 - Rousset › Toulon (Mont Faron),145,,
07.02,144,135,Stage 2 (ITT) - Cap d'Agde › Sete (Mont Saint Clair),24,,
06.02,23,23,Stage 1 - Limoux › Gruissan,146.5,,
30.01 » 03.02,,,Etoile de Bessèges (2.1),,,
03.02,DNS,,Stage 6 (ITT) - Alés › Alés,9.7,,
03.02,62,87,Stage 5 - Alés › Alés,69,,
02.02,123,97,Stage 4 - Sabran › Pont Saint Esprit,154,,
01.02,22,21,Stage 3 - Bessèges › Bessèges,152.6,,
31.01,26,22,Stage 2 - Nîmes › Les Fumades,157,,
30.01,21,21,Stage 1 - Bellegarde › Beaucaire,154,,
14.10,DNF,,Tour de Vendée (1.HC),172,,
07.10,135,,Paris - Tours (1.HC),230.5,,
04.10,50,,Paris-Bourges (1.1),190.9,,
16.09,18,,Grand Prix d'Isbergues - Pas de Calais (1.1),203.9,3,
14.09,DNF,,Grand Prix de la Somme « Conseil Général 80 » (1.1),202.9,,
09.09,28,,GP de Fourmies - La Voix du Nord (1.HC),205,,
21.08 » 24.08,,,Tour du Poitou Charentes (2.1),,,
,9,,Points classification,,,
,104,,General classification,,,
24.08,101,104,Stage 5 - Melle › Poitiers,188.8,,
23.08,128,118,Stage 4 (ITT) - La Roche Posay › La Roche Posay,22.1,,
23.08,4,35,Stage 3 - Pleumartin › La Roche Posay,99.4,5,5
22.08,101,51,Stage 2 - Royan › Melle,196.8,,
21.08,7,10,Stage 1 - Villebois-Lavalette › Royan,182,2,
19.08,6,,Chateauroux Classic de l'Indre Trophee Fenioux (1.1),201.2,24,16
01.08 » 02.08,,,Paris - Corrèze (2.1),,,
02.08,DNF,,Stage 2 -  Objat › Chaumeil,170.2,,
01.08,11,11,Stage 1 - Contres › Sassay,168.1,,
29.07,DNF,,La Poly Normande (1.1),157,,
22.07,5,,Grand Prix de la ville de Pérenchies (1.2),162.2,2,10
08.07,20,,GP de Pont a Marcq - La Ronde Pévèloise (1.2),189.5,,
24.06,7,,National Championships France - Road Race (NC),256.3,,15
14.06 » 17.06,,,La Route du Sud Cycliste - La Dépêche du Midi (2.1),,,
,76,,General classification,,,
17.06,82,76,Stage 4 - Saint Gaudens › Saint Gaudens,139.5,,
16.06,77,73,Stage 3 - Trie sur Baise › Arras en Lavedan,204.6,,
15.06,17,13,Stage 2 - Castres › Saint Michel,197.1,,
14.06,10,10,Stage 1 - Lacaune les Bains › Albi,188.4,,
07.06 » 10.06,,,Ronde de l'Oise (2.2),,,
,26,,General classification,,,
10.06,16,,Stage 4 - Crépy-en-Valois  › Rantigny,173.9,,
09.06,11,31,Stage 3 - Wavignies  › Clermont ,190.3,,
08.06,87,50,Stage 2 - Longueil-Sainte-Marie  › Ribécourt,171.8,,
07.06,18,20,Stage 1 - Breuil-le-Sec  › Montataire,138,,
27.05,DNF,,Boucles de l'Aulne - Châteaulin (1.1),168,,
26.05,DNF,,Grand Prix de Plumelec-Morbihan (1.1),181,,
16.05 » 20.05,,,Circuit de Lorraine Professionnel (2.1),,,
,64,,General classification,,,
20.05,8,64,Stage 5 - Thionville › Hayange,158.5,1,
19.05,13,78,Stage 4 - Briey › Metz,160,,
18.05,68,82,Stage 3 - Pompey › Neufchâteau,210,,
17.05,11,95,Stage 2 - Etain › L’Hôpital,176,,
16.05,110,111,Stage 1 - Rombas › Neuves-Maisons,159.5,,
11.05 » 13.05,,,Tour de Picardie (2.1),,,
,113,,General classification,,,
13.05,122,113,Stage 3 - Fressenneville › Maignelay-Montigny,171,,
12.05,5,18,Stage 2 - Tergnier › Villers-Bocage,178.5,4,4
11.05,31,35,Stage 1 - Clermont › Braine,166.5,,
04.05 » 08.05,,,4 Jours de Dunkerque - Tour du Nord-Pas-de-Calais (2.HC),,,
,3,,Mountains classification,,,
,79,,General classification,,,
08.05,11,79,Stage 5 - Béthune › Dunkerque,177.4,,
07.05,112,82,Stage 4 - Gravelines › Cassel,183.4,,
06.05,12,49,Stage 3 - Poperinge › Reningelst,178.3,,
05.05,112,52,Stage 2 - Berck-sur-Mer › Montreuil-sur-Mer,180.2,,
04.05,103,103,Stage 1 - Dunkerque › Coquelles,167.7,,
29.04,34,,Paris - Mantes-en-Yvelines (1.2),170,,
15.04,19,,Tro-Bro Léon (1.1),206.4,2,
12.04,3,,GP de Denain Porte du Hainaut (1.1),199.1,40,32
03.04 » 06.04,,,Circuit cycliste Sarthe - Pays de la Loire (2.1),,,
,77,,General classification,,,
06.04,14,77,Stage 5 - Abbaye de l’Epau › Sablé-sur-Sarthe,166.6,,
05.04,87,80,Stage 4 - Angers › Pré-en-Pail,181.1,,
04.04,60,52,Stage 3 (ITT) - Angers › Angers,6.8,,
04.04,7,10,Stage 2 - Riaillé › Angers,96,2,
03.04,18,21,Stage 1 - Saint-Gilles-Croix-de-Vie  › Riaillé,192.8,,
01.04,7,,Flèche d'Emeraude - Saint Malo (1.1),181,20,12
30.03,12,,Route Adélie de Vitré (1.1),197.8,10,3
24.03 » 25.03,,,Critérium International (2.HC),,,
,101,,General classification,,,
25.03,99,101,Stage 3 - Porto-Vecchio › Col de l'Ospedale,179,,
25.03,114,114,Stage 2 (ITT) - Porto-Vecchio › Porto-Vecchio,6.5,,
24.03,101,101,Stage 1 - Porto-Vecchio › Porto-Vecchio,89.5,,
18.03,53,,Cholet-Pays de Loire (1.1),199,,
17.03,24,,Classic Loire Atlantique (1.1),184.8,,
11.03,15,,Paris-Troyes (1.2),174.2,,
04.03,50,,Grand Prix de la Ville de Lillers Souvenir Bruno Comini (1.2),171,,
29.02,64,,GP Samyn (1.1),187.9,,
26.02,DNF,,Les Boucles du Sud Ardèche - Souvenir F. Delpech (1.1),199.7,,
01.02 » 05.02,,,Etoile de Bessèges (2.1),,,
,71,,General classification,,,
05.02,69,73,Stage 5a - Alès › Alès,75,,
05.02,72,71,Stage 5b (ITT) - Alès › Alès,9.7,,
04.02,76,77,Stage 4 - Saint-Geniès-de-Comolas  › Bagnols-sur-Cèze,66,,
03.02,102,104,Stage 3 - Bessèges › Bessèges,152,,
02.02,16,19,Stage 2 - Lusson › Saint-Ambroix,58.8,,
01.02,17,21,Stage 1 - Beaucaire › Bellegarde,148,,
09.10,OTL,,Paris - Tours (1.HC),230.5,,
06.10,DNF,,Paris-Bourges (1.1),190.9,,
02.10,OTL,,Tour de Vendée (1.HC),205,,
18.09,DNF,,Grand Prix d'Isbergues - Pas de Calais (1.1),204,,
16.09,54,,Grand Prix De La Somme - Conseil Général 80 (1.1),201.2,,
23.08 » 26.08,,,Tour International du Poitou Charentes (2.1),,,
,63,,General classification,,,
26.08,98,,Stage 5 - Saint-Jacques de Thouars › Poitiers,171.4,,
25.08,126,,Stage 4 (ITT) - Châtellerault › Châtellerault,20.5,,
25.08,9,,Stage 3 - Bressuire › Châtellerault,104.8,,
24.08,6,,Stage 2 - Cognac › Bressuire,175.2,3,
23.08,11,,Stage 1 - Surgères › Cognac,184.2,,
21.08,23,,Châteauroux Classic de l'Indre Trophée Fenioux (1.1),198.9,,
16.08 » 19.08,,,Tour du Limousin (2.HC),,,
,53,,General classification,,,
19.08,43,,Stage 4 - Lacs de Haute Charente › Limoges,180,,
18.08,13,,Stage 3 - Lanouaille › St Yrieix La Perche,181,,
17.08,6,,Stage 2 - St Hilaire Peyroux › Allassac,184,3,
16.08,76,,Stage 1 - Limoges › Guéret,165,,
03.08 » 04.08,,,Paris - Corrèze (2.1),,,
,82,,General classification,,,
04.08,88,,Stage 2 - Objat › Chaumeil,178.7,,
03.08,34,,Stage 1 - Contres › Bellac,181.8,,
31.07,79,,La Poly Normande (1.1),157,,
23.07 » 25.07,,,Kreiz Breizh Elites (2.2),,,
24.07,DNF,,Stage 3 - Plougurnevel › Ploerdut,102.4,,
24.07,124,,Stage 2 - Cleden-Poher › Carhaix,96.1,,
23.07,14,,Stage 1 - Calanhel › Plouray,174.4,,
16.06 » 19.06,,,Boucles de la Mayenne (2.2),,,
19.06,DNF,,Stage 4 - Renazé › Laval,172,,
18.06,101,,Stage 3 - Saint-Denis-du-Maine › Evron,184,,
17.06,100,,Stage 2 - Renault Saint-Berthevin › Sainte-Suzanne,180,,
16.06,87,,Prologue - Laval › Laval,4.5,,
09.06 » 12.06,,,Ronde de l'Oise (2.2),,,
11.06,DSQ,,Stage 3 - Bailleval › Verneuil-en-Halatte,178.9,,
10.06,19,,Stage 2 - Pierrefonds › Le Plessis Bellleville,186.2,,
09.06,25,,Stage 1 - Avréchy › Rémy,121.1,,
29.05,21,,Boucles de l'Aulne - Châteaulin (1.1),168,,
13.05 » 15.05,,,Tour de Picardie (2.1),,,
,24,,General classification,,,
15.05,23,,Stage 3 - Charly-sur-Marne › Péronne,189.5,,
14.05,4,,Stage 2 - Villers-Saint-Paul › Château-Thierry,166.5,5,
13.05,89,,Stage 1 - Abbeville › La Neuville-en-Hez,162,,
04.05 » 08.05,,,4 Jours de Dunkerque - Tour du Nord-Pas-de-Calais (2.HC),,,
,53,,General classification,,,
08.05,15,,Stage 5 - Grande-Synthe › Dunkerque,179.5,,
07.05,70,,Stage 4 - Hazebrouck › Cassel,189.6,,
06.05,62,,Stage 3 - Caudry › Le Cateau-Cambrésis,171.2,,
05.05,9,,Stage 2 - Douai › Iwuy,166,,
04.05,28,,Stage 1 - Dunkerque › Orchies,180.6,,
17.04,DNF,,Tro-bro Léon (1.1),206.4,,
14.04,9,,Gp De Denain Porte Du Hainaut (1.1),204.2,16,
05.04 » 08.04,,,Circuit Cycliste Sarthe - Pays de la Loire (2.1),,,
,68,,General classification,,,
08.04,4,,Stage 5 - Abbaye de l'Epau › Bonnétable,166.7,5,
07.04,73,,Stage 4 - Angers › Pré-en-Pail,181.1,,
06.04,89,,Stage 3 (ITT) - Angers › Angers,6.8,,
06.04,10,,Stage 2 - Saint-Mars-de-la-Jaille › Angers,99.8,,
05.04,10,,Stage 1 - Château d'Olonne › Saint-Mars-la-Jaille,191,,
03.04,10,,Flèche d'Emeraude - Saint Malo (1.1),183,14,
21.03 » 27.03,,,Tour de Normandie (2.2),,,
,17,,General classification,,,
27.03,12,,Stage 8 - Bagnoles-de-l'Orne › Caen,135,,
26.03,36,,Stage 7 - Ducey › Bagnoles-de-l'Orne,172,,
25.03,1,,Stage 6 - Domfront › Avranches,171,5,
24.03,5,,Stage 5 - Elbeuf-sur-Seine › Flers,188,,
23.03,1,,Stage 4 - Grand-Couronne › Elbeuf-sur-Seine,72,5,
23.03,7,,Stage 3 - Forges-les-Eaux › Grand-Couronne,83,,
22.03,24,,Stage 2 - Colombelles › Forges-les-Eaux,196,,
21.03,89,,Prologue - Mondeville › Mondeville,4.8,,
20.03,9,,Cholet-Pays de Loire (1.1),197,16,
06.03,2,,Grand Prix de la Ville de Lillers Souvenir Bruno Comini (1.2),171,10,30
02.03,73,,GP Samyn (1.1),193.1,,
19.02 » 20.02,,,Tour Cycliste International du Haut Var (2.1),,,
20.02,DNF,,Stage 2 - Draguignan › Draguignan,207,,
19.02,106,,Stage 1 - La Croix Valmer › Grimaud,168.8,,
09.02 » 13.02,,,Tour Méditerranéen Cycliste Professionnel (2.1),,,
13.02,DNF,,Stage 5 - Biot › Toulon (Mt Faron),165,,
12.02,70,,Stage 4 - La Londe les Maures › Biot,155,,
11.02,20,,Stage 3 - Carnoux-en-Provence › La Farlede,135,,
10.02,8,,Stage 2 - Saint Cannat › Rousset,125,1,
09.02,13,,Stage 1 - Maubec-Coustellet › Pertuis,120,,
02.02 » 06.02,,,Etoile de Bessèges (2.1),,,
,18,,General classification,,3,
06.02,7,,Stage 5 - Gagnières › Bessèges,145,2,
05.02,8,,Stage 4 - Alès › Alès,152.4,1,
04.02,28,,Stage 3 - Saint-Victor-la-Coste › Laudun,152.5,,
03.02,20,,Stage 2 - Nîmes › Saint-Ambroix,149.4,,
02.02,33,,Stage 1 - Beaucaire › Bellegarde,153.1,,
10.10,18,,Paris - Tours (1.HC),233,8,
30.09 » 03.10,,,Circuit Franco-Belge (2.1),,,
03.10,DNF,,Stage 4 - Mons › Tournai,164,,
02.10,17,,Stage 3 - Hazebrouck (FRA) › Ichtegem,158,,
01.10,15,,Stage 2 - Lessines › Poperinge,189.3,,
30.09,14,,Stage 1 - Templeuve (FRA) › Mouscron,184.3,,
26.09,DNF,,Tour de Vendée (1.HC),206,,
19.09,19,,Grand Prix d'Isbergues - Pas de Calais (1.1),200,2,
17.09,14,,Grand Prix De La Somme - Conseil Général 80 (1.1),191,7,
12.09,26,,GP de Fourmies - La Voix du Nord (1.HC),205,,
29.08,20,,Châteauroux Classic de l'Indre Trophée Fenioux (1.1),198.9,1,
24.08 » 27.08,,,Tour du Poitou Charentes et de la Vienne (2.1),,,
27.08,DNF,,Stage 5 - Niort › Poitiers,197.6,,
26.08,106,,Stage 4 (ITT) - Latille › Vouille,22.1,,
26.08,87,,Stage 3 - Quincay › Vouille,95.7,,
25.08,8,,Stage 2 - Saint Georges de Didonne › Niort,178.5,1,
24.08,9,,Stage 1 - Chalais › Royan,186.3,,
10.08 » 14.08,,,Tour de l'Ain (2.1),,,
,81,,General classification,,,
14.08,72,,Stage 5 - Culoz › Belley,126.1,,
13.08,95,,Stage 4 - Montmerle-sur-Saône › Arbent,154.7,,
12.08,6,,Stage 3 - Villars-les-Dombes › Trévous,138.8,3,
11.08,72,,Stage 2 - Lagnieu › Saint-Vulbas,140.6,,
10.08,61,,Prologue - Ambérieu-en-Bugey › Ambérieu-en-Bugey,3,,
01.08,27,,La Poly Normande (1.1),157,,
17.06 » 20.06,,,Boucles de la Mayenne (2.2),,,
,10,,General classification,,1,
20.06,26,,Stage 4 - Craon › Laval,171,,
19.06,7,,Stage 3 - Chantrigné › Changé,184,,
18.06,35,,Stage 2 - Saint-Berthevin-sur-Vicoin › Le Horps,184,,
17.06,37,,Prologue - Laval › Laval,4.5,,
10.06 » 13.06,,,Ronde de l'Oise (2.2),,,
13.06,OTL,,Stage 4 - Clermont › Rantigny,180.2,,
12.06,85,,Stage 3 - Ravenel › Verneuil en Halatte,184.9,,
11.06,96,,Stage 2 - Chantilly › Thourotte,188.2,,
10.06,6,,Stage 1 - Auneuil › Ribécourt,125,,
30.05,DNF,,Boucles de l'Aulne - Châteaulin (1.1),168,,
19.05 » 23.05,,,Circuit De Lorraine Professionnel (2.1),,,
22.05,DNS,,Stage 4 - Walygator (Parc) › Belleville,176,,
21.05,18,,Stage 3 - Raon l'Etape › Saint-Avold,159,,
20.05,93,,Stage 2 - Pagny sur Moselle › Chantraine,170,,
19.05,19,,Stage 1 - Thionville › Jarny,162,,
14.05 » 16.05,,,Tour de Picardie (2.1),,,
,18,,General classification,,3,
16.05,17,,Stage 3 - Crépy-en-Valois › Sissonne,174.5,,
15.05,24,,Stage 2 - Gamaches › Liancourt (of Mouy),186,,
14.05,18,,Stage 1 - Boué › Doullens,181,,
05.05 » 09.05,,,4 Jours de Dunkerque - Tour du Nord-Pas-de-Calais (2.HC),,,
,59,,General classification,,,
09.05,26,,Stage 5 - Ardres › Dunkerque,179.5,,
08.05,77,,Stage 4 - Merville › Cassel,181.3,,
07.05,11,,Stage 3 - Menin (Menen) › Ypres (Ieper),193.2,,
06.05,17,,Stage 2 - Coulogne › Auby,195.7,,
05.05,8,,Stage 1 - Dunkerque › Bray-Dunes,143,1,
18.04,DNF,,Tro-bro Léon (1.1),205.5,,
15.04,17,,GP de Denain Porte du Hainaut (1.1),197.1,4,
06.04 » 09.04,,,Circuit Cycliste Sarthe - Pays de la Loire (2.1),,,
09.04,DNF,,Stage 5 - Abbaye de l'Epau (Le Mans) › Sillé-le-Guillaume,171,,
08.04,64,,Stage 4 - Angers › Pré-en-Pail,181.1,,
07.04,82,,Stage 3 (ITT) - Angers › Angers,6.8,,
07.04,75,,Stage 2 - Varades › Angers,97,,
06.04,5,,Stage 1 - Sablé-sur-Sarthe › Varades,184.6,4,
02.04,19,,Route Adélie de Vitré (1.1),197.8,2,
22.03 » 28.03,,,Tour de Normandie (2.2),,,
,17,,General classification,,,
28.03,12,,Stage 8 - Bagnoles de l'Orne › Caean,143,,
27.03,9,,Stage 7 - Ducey › Bagnoles de l'Orne,173,,
26.03,18,,Stage 6 - Domfront › Avranches,171,,
25.03,10,,Stage 5 - Elbeuf-sur-Seine › Flers,188,,
24.03,14,,Stage 4 - Grand-Couronne › Elbeuf-sur-Seine,72,,
24.03,4,,Stage 3 - Forges-les-Eaux › Grand-Couronne,84,,
23.03,2,,Stage 2 - Colombelles › Forges-les-Eaux,200,2,
22.03,110,,Prologue - Mondeville › Mondeville,4.8,,
21.03,13,,Cholet-Pays de Loire (1.1),200,8,
14.03,23,,Paris-Troyes (1.2),172.2,,
07.03,6,,Grand Prix de la Ville de Lillers Souvenir Bruno Comini (1.2),171,1,
03.03,15,,Memorial Samyn (1.1),191.9,6,
28.02,DNF,,Les Boucles du Sud Ardèche - Souvenir F. Delpech (1.1),202.6,,
10.02 » 14.02,,,Tour Méditerranéen Cycliste Professionnel (2.1),,,
14.02,DNF,,Stage 5 - La Ciotat › Toulon Mont Feron,126,,
13.02,119,,Stage 4 - La Londe les Maures › Peymeinade,127,,
12.02,2,,Stage 3 - Greasque › Six Fours,115,12,11
11.02,2,,Stage 2 - Peynier › Trets,170,12,11
10.02,96,,Stage 1 - Carcassonne › Sauvian,92.5,,
03.02 » 07.02,,,Etoile de Bessèges (2.1),,,
,71,,General classification,,,
07.02,12,,Stage 5 - Gagnières › Bessèges,145,,
06.02,102,,Stage 4 - Alès › Alès,140,,
05.02,6,,Stage 3 - Cèze › Cèze,148,3,
04.02,8,,Stage 2 - Nîmes › Saint-Ambroix,141,1,
03.02,6,,Stage 1 - Aigues Mortes › Le Grau du Roi,146,3,
11.10,57,,Paris - Tours (1.HC),230,,
08.10,12,,Paris-Bourges (1.1),193.3,10,
20.09,18,,Grand Prix d'Isbergues - Pas de Calais (1.1),201,3,
18.09,8,,Grand Prix De La Somme - Conseil Général 80 (1.1),198,18,
13.09,6,,GP de Fourmies - La Voix du Nord (1.HC),205,40,
30.08,19,,Châteauroux Classic de l'Indre Trophée Fenioux (1.1),201.8,2,
25.08 » 28.08,,,Tour du Poitou Charentes et de la Vienne (2.1),,,
,48,,General classification,,,
28.08,4,,Stage 5 - Atlansevre › Poitiers,186.9,5,
27.08,14,,Stage 4 - Monts-sur-Guesnes › Loudun,98.5,,
27.08,102,,Stage 3 (ITT) -  Monts-sur-Guesnes ›  Monts-sur-Guesnes,22.6,,
26.08,6,,Stage 2 - Rouillac › Saint-Maixent-l'École,183.5,3,
25.08,9,,Stage 1 - Chatelaillon Plage › Aigre,185.5,,
05.08 » 06.08,,,Paris - Corrèze (2.1),,,
05.08,88,,Stage 1 - St Amand-Montrond › Besse,194.2,,
19.07,81,,Trophée Des Champions (1.2),176.5,,
20.05 » 24.05,,,Circuit De Lorraine Professionnel (2.1),,,
,91,,General classification,,,
24.05,71,,Stage 5 - Rombas › Hayange,165,,
23.05,80,,Stage 4 - Bruyères › Forbach,147.5,,
22.05,114,,Stage 3 - Pagny Sur Moselle › La Bresse,198,,
21.05,4,,Stage 2 - Briey › Commercy,157,5,
20.05,92,,Prologue - Metz › Longwy,153,,
15.05 » 17.05,,,Tour de Picardie (2.1),,,
,38,,General classification,,,
17.05,72,,Stage 4 - Ribécourt-Dreslincourt › Noyon,95.5,,
17.05,14,,Stage 3 - Coucy-le-Château Auffrique  › Noyon,84.5,,
16.05,72,,Stage 2 - Ham › Anizy-le-Château,179,,
15.05,43,,Stage 1 - Chaumont-en-Vexin   › Roisel,179.5,,
05.05 » 10.05,,,4 Jours de Dunkerque - Tour du Nord-Pas-de-Calais (2.HC),,,
,90,,General classification,,,
10.05,18,,Stage 6 - Lesquin › Dunkerque,172.3,,
09.05,113,,Stage 5 - Hazebrouck › Boeschepe,195.4,,
08.05,94,,Stage 4 (ITT) - Douai › Douai,18.7,,
07.05,16,,Stage 3 - Blériot-Plage › Béthune,228.1,,
06.05,16,,Stage 2 - Coudekerque Branche › Arques,178.9,,
05.05,79,,Stage 1 - Dunkerque › Dunkerque,186.9,,
19.04,DNF,,Tro-Bro Léon (1.1),202.7,,
16.04,7,,GP de Denain Porte du Hainaut (1.1),202.7,20,
07.04 » 10.04,,,Circuit Cycliste Sarthe - Pays de la Loire (2.1),,,
09.04,69,,Stage 4 - Angers › Pré-en-Pail,180.8,,
08.04,80,,Stage 3 (ITT) - Angers › Angers,6.1,,
08.04,7,,Stage 2 - Ancenis › Angers,93.8,2,
07.04,10,,Stage 1 - Noirmoutier-en-l’Ile › Ancenis,191.9,,
05.04,4,,Grand Prix de la Ville de Nogent-sur-Oise (1.2),178,4,
03.04,DNF,,Route Adélie de Vitré (1.1),197.8,,
23.03 » 29.03,,,Tour de Normandie (2.2),,,
26.03,95,,Stage 5 - Elbeuf › Flers,186.5,,
25.03,1,,Stage 4 - Grand-Couronne › Elbeuf,76,5,
25.03,2,,Stage 3 - Forges les Eaux  › Grand Couronne,83,2,
24.03,63,,Stage 2 - Colombelles › Forges-les-Eaux,198,,
23.03,91,,Stage 1 (ITT) - Mondeville › Mondeville,5.1,,
22.03,DNF,,Cholet-Pays de Loire (1.1),205,,
20.03,36,,Classic Loire Atlantique (1.2),184.8,,
08.03,10,,Grand Prix de la Ville de Lillers Souvenir Bruno Comini (1.2),171,,
04.02 » 08.02,,,Etoile de Bessèges (2.1),,,
,104,,General classification,,,
08.02,34,,Stage 5 - Gagnières › Bessèges,145,,
07.02,32,,Stage 4 - Allègre Les Fumades › Allègre Les Fumades,150,,
06.02,101,,Stage 3 - Branoux Les Taillades › La Grande Combe,51.5,,
05.02,119,,Stage 2 - Nîmes › Saint Ambroix,149,,
04.02,16,,Stage 1 - Bellegarde › Le Grau du Roi,150,,
30.09,DNF,,Omloop Van De Vlaamse Scheldeboorden (1.1),196.4,,
30.07 » 03.08,,,Post Danmark Rundt-Tour of Denmark (2.HC),,,
,77,,General classification,,,
03.08,102,,Stage 6 - Slagelse › Frederiksberg,164.7,,
02.08,86,,Stage 5 (ITT) - Kerteminde › Kerteminde,14.5,,
02.08,61,,Stage 4 - Ringe › Odense,113.1,,
01.08,68,,Stage 3 - Padborg › Vejle,198.7,,
31.07,89,,Stage 2 - Skjern › Sønderborg,219.8,,
30.07,108,,Stage 1 - Holstebro › Holstebro,175.4,,
29.06,DNF,,National Championships France - Road Race (NC),239.2,,
13.06 » 15.06,,,DELTA Tour Zeeland (2.1),,,
,80,,General classification,,,
15.06,81,,Stage 3 - Terneuzen › Terneuzen,174.8,,
14.06,24,,Stage 2 - Middelburg › Goes,168,,
13.06,48,,Prologue - Hulst › Hulst,2.8,,
04.06 » 08.06,,,Skoda-Tour de Luxembourg (2.HC),,,
07.06,45,,Stage 4 - Wiltz › Diekirch,172.2,,
06.06,83,,Stage 3 - Schifflange › Differdange,197,,
05.06,97,,Stage 2 - Luxembourg › Mondorf,177.2,,
04.06,62,,Prologue - Luxembourg › Luxembourg,2.7,,
16.05 » 18.05,,,Tour de Picardie (2.1),,,
,107,,General classification,,,
18.05,102,,Stage 4 - Cayeux-sur-Mer › ,95,,
18.05,78,,Stage 3 - Grandvilliers › Cayeux-sur-Mer,88.5,,
17.05,127,,Stage 2 - Ribemont - Clermont-de-l’Oise › ,181,,
16.05,28,,Stage 1 - Crécy-en-Ponthieu - Guise   › ,179,,
14.05,DNF,,Batavus Pro Race (1.1),208,,
27.04,33,,Ronde van Noord-Holland (1.1),211,,
16.04,6,,Scheldeprijs (1.HC),207,40,
13.04,DNF,,Paris - Roubaix (1.HC),259.5,,
08.04 » 11.04,,,Circuit Cycliste Sarthe - Pays de la Loire (2.1),,,
,63,,General classification,,,
11.04,62,,Stage 5 - Saint-Léonard-des-Bois › Le Mans,188.5,,
10.04,19,,Stage 4 - Angers › Fresnay-sur-Sarthe,186.5,,
09.04,84,,Stage 3 (ITT) - Angers › Angers,9,,
09.04,25,,Stage 2 - Varades › Angers,99.8,,
08.04,15,,Stage 1 - Aizenay › Ligné,182.4,,
23.03,58,,Campina Ronde van het Groene Hart (1.1),204.6,,
19.03,8,,Nokere-Koerse (1.1),197,18,
01.03,126,,Omloop Het Volk ME (1.HC),199,,
12.02,128,,Trofeo Pollença (1.1),168.4,,
11.02,30,,Trofeo Cala: Cala Millor - Son Servera (1.1),162.7,,
10.02,27,,Trofeo Mallorca (1.1),100,,
02.10,21,,Omloop van de Vlaamse Scheldeboorden - Bazel - Kruibeke (1.1),199.3,,
15.09,150,,Paris-Bruxelles (1.HC),219.1,,
05.09,19,,Memorial Rik Van Steenbergen (1.1),200,2,
28.08 » 31.08,,,Tour du Poitou Charentes et de la Vienne (2.1),,,
,49,,General classification,,,
31.08,63,,Stage 4b - Futuroscope › Poitiers,105.8,,
31.08,79,,Stage 4a (ITT) - Jaunay-Clan › Jaunay-Clan,20,,
30.08,19,,Stage 3 - Châtellerault › Châtellerault,183.9,,
29.08,12,,Stage 2 - La Rochelle  › Cerizay,173.1,,
28.08,82,,Stage 1 - Ruelle-sur-Touvre  › La Rochelle,187.9,,
21.08 » 24.08,,,Tour du Limousin (2.1),,,
22.08,DNF,,Stage 2 - Droux › Uzerche,187.4,,
21.08,104,104,Stage 1 - Limoges › La Souterraine,160.8,,
01.08 » 05.08,,,Post Danmark Rundt (2.HC),,,
,108,,General classification,,,
05.08,22,,Stage 6 - Præsto › Frederiksberg,175.6,,
04.08,105,,Stage 5 (ITT) - Næstved  › Næstved ,12.4,,
04.08,47,,Stage 4 - Skælskør › Ringsted,95.1,,
03.08,114,,Stage 3 - Århus › Vejle,187.2,,
02.08,107,,Stage 2 - Aars › Århus,196.8,,
01.08,37,,Stage 1 - Thisted › Aalborg,174.7,,
04.07,DNF,,GP Gerrie Kneteman (1.1),145.2,,
18.05 » 20.05,,,Tour de Picardie (2.1),,,
20.05,DNF,,Stage 3 - La Croix Saint Ouen › Soissons,93.5,,
19.05,123,,Stage 2 - Airaines › Ribecourt,191,,
18.05,124,,Stage 1 - Bohain › en,176,,
06.05,62,,Omloop der Kempen (1.2),200,,
19.04,DNF,,GP de Denain Porte du Hainaut (1.1),199.4,,
15.04,OTL,,Paris - Roubaix (1.PT),259.5,,
10.04 » 14.04,,,Circuit de la Sarthe (2.1),,,
13.04,82,88,Stage 3 - Angers › Mamers,180.6,,
11.04,9,12,Stage 2a - Riaillé › Angers,99.8,,
11.04,89,85,Stage 2b (ITT) - Angers › Angers,8.8,,
10.04,7,12,Stage 1 - La Roche-sur-Yon › Riaillé,190.9,2,
31.03 » 01.04,,,Critérium International (2.HC),,,
01.04,DNF,,Stage 2 - Les Vieilles Forges (Les Mazures) › Month,98,,
31.03,133,,Stage 1 - Asfeld › Charleville-Mézières,179,,
04.03,DNF,,Kuurne-Bruxelles-Kuurne (1.1),193,,
28.01 » 02.02,,,Tour of Qatar (2.1),,,
,23,,Youth classification,,,
,39,,Points classification,,,
,72,,General classification,,,
02.02,13,,Stage 6 - Sealine Beach Resort › Doha Corniche,134,,
01.02,74,,Stage 5 - Al Zubarah › Mesaieed,160,,
31.01,88,,Stage 4 - Camel Race Track › Doha Golf Club,140,,
30.01,132,,Stage 3 - Dohat Salwa › Khalifa Stadium,140,,
29.01,23,,Stage 2 - Al Wakra › Qatar Olympic Committee,135,,
28.01,11,74,Stage 1 (TTT) - Doha › Doha,6,,
01.01,11,,Châteauroux Classic de l'Indre Trophée Fenioux (1.1),200.2,12,
08.10,DNF,,Paris-Tours Espoirs (1.2U),185,,
15.09 » 16.09,,,Tour de la Somme (2.2),,,
,37,,General classification,,,
16.09,3,,Stage 3 - Villers-Bretonneux › Abbeville,100,1,
16.09,3,,Stage 2 - Villers-Bretonneux › Villers-Bretonneux,90.3,1,
02.08 » 06.08,,,Vuelta Ciclista a León (2.2),,,
05.08,5,,Stage 4 - San Andrés del Rabanedo › Benavides de Orbigo,142.9,,
30.07,18,,National Championships France U23 - Road Race (NC),162,,
23.07,20,,Grand Prix de la ville de Pérenchies (1.2),157.7,,
12.04,18,,La Côte Picarde (1.2),174.6,,
04.03,39,,Prix de Lillers - Souvenir Bruno Comini (1.2),172,,
16.09 » 17.09,,,Tour de la Somme (2.2),,,
,23,,General classification,,,
17.09,10,,Stage 3 - Mareuil-Caubert › Abbeville,86.6,,
17.09,13,,Stage 2 - Hallencourt › Abbeville,111.3,,
16.09,17,,Stage 1 - Amiens › Chaulnes,160.1,,
29.05,65,,Paris - Roubaix Espoirs (1.2U),180.5,,
15.05,20,,GP de Lys lez Lannoy (NE),168.8,,
24.04,54,,Paris - Mantes-en-Yvelines (1.2),162.5,,
10.04,65,,Grand Prix de la Ville de Nogent-sur-Oise (1.2),165.6,,
23.03,84,,GP de Waregem (1.2),149,,
29.05 » 01.06,,,Tour de Lorraine Juniors (SC),,,
,54,,General classification,,5,
01.06,11,,Stage 5 - Joeuf › Tucquegnieux,91.3,,
01.06,70,55,Stage 4 (ITT) - Serémange-Erzange › Serémange-Erzange,15.45,,
31.05,14,18,Stage 3 - Audun le Roman › Nilvange,105.3,,
30.05,41,26,Stage 2 - Piennes › Commercy,107.2,,
29.05,15,15,Stage 1 - Nancy › Audun le Tiche,109,,
