date,result ranking,general classification,race name,distance,PCS point,UCI point,year
08.05 » 30.05,,,Giro d'Italia (2.UWT),,,,2021
,99,,General classification,,20,,2021
30.05,71,,Stage 21 (ITT) - Senago › Milan,30.3,,,2021
29.05,65,99,Stage 20 - Verbania › Valle Spluga-Alpe Motta,164,,,2021
28.05,63,100,Stage 19 - Abbiategrasso › Alpe di Mera (Valsesia),166,,,2021
27.05,61,107,Stage 18 - Rovereto › Stradella,231,,,2021
26.05,64,109,Stage 17 - Canazei › Sega di Ala,193,,,2021
24.05,106,118,Stage 16 - Sacile › Cortina d'Ampezzo,153,,,2021
23.05,59,120,Stage 15 - Grado › Gorizia,147,,,2021
22.05,103,122,Stage 14 - Cittadella › Monte Zoncolan,205,,,2021
21.05,137,124,Stage 13 - Ravenna › Verona,198,,,2021
20.05,87,123,Stage 12 - Siena › Bagno di Romagna,212,,,2021
19.05,67,130,Stage 11 - Perugia › Montalcino,162,,,2021
17.05,161,137,Stage 10 - L'Aquila › Foligno,139,,,2021
16.05,110,130,Stage 9 - Castel di Sangro › Campo Felice (Rocca di Cambio),158,,,2021
15.05,96,132,Stage 8 - Foggia › Guardia Sanframondi,170,,,2021
14.05,146,135,Stage 7 - Notaresco › Termoli,181,,,2021
13.05,115,131,Stage 6 - Grotte di Frasassi › Ascoli Piceno (San Giacomo),160,,,2021
12.05,126,137,Stage 5 - Modena › Cattolica,177,,,2021
11.05,142,140,Stage 4 - Piacenza › Sestola,187,,,2021
10.05,137,126,Stage 3 - Biella › Canale,190,,,2021
09.05,171,87,Stage 2 - Stupinigi  › Novara,179,,,2021
08.05,86,86,Stage 1 (ITT) - Turin › Turin,8.6,,,2021
25.04,DNF,,Liège-Bastogne-Liège (1.UWT),259.1,,,2021
21.04,125,,La Flèche Wallonne (1.UWT),193.6,5,,2021
18.04,DNF,,Amstel Gold Race (1.UWT),218.6,,,2021
14.04,58,,De Brabantse Pijl - La Flèche Brabançonne (1.Pro),201.7,,,2021
20.03,163,,Milano-Sanremo (1.UWT),299,5,,2021
10.03 » 16.03,,,Tirreno-Adriatico (2.UWT),,,,2021
,155,,General classification,,5,,2021
16.03,127,,Stage 7 (ITT) - San Benedetto del Tronto › San Benedetto del Tronto,10.1,,,2021
15.03,153,160,Stage 6 - Castelraimondo › Lido di Fermo,169,,,2021
14.03,139,163,Stage 5 - Castellalto › Castelfidardo,205,,,2021
13.03,127,165,Stage 4 - Terni › Prati di Tivo,148,,,2021
12.03,153,166,Stage 3 - Monticiano › Gualdo Tadino,219,,,2021
11.03,172,171,Stage 2 - Camaiore › Chiusdino,202,,,2021
10.03,155,156,Stage 1 - Lido di Camaiore › Lido di Camaiore,156,,,2021
06.03,DNF,,Strade Bianche (1.UWT),184,,,2021
27.02,DNF,,Omloop Het Nieuwsblad ME (1.UWT),200.5,,,2021
20.10 » 08.11,,,La Vuelta ciclista a España (2.UWT),,,,2020
,109,,General classification,,20,,2020
08.11,128,,Stage 18 - Hipódromo de la Zarzuela › Madrid,139.6,,,2020
07.11,131,110,Stage 17 - Sequeros › Alto de la Covatilla,178.2,,,2020
06.11,87,104,Stage 16 - Salamanca › Ciudad Rodrigo,162,,,2020
05.11,102,106,Stage 15 - Mos › Puebla de Sanabria,230.8,,,2020
04.11,114,103,Stage 14 - Lugo › Ourense,204.7,,,2020
03.11,82,104,Stage 13 (ITT) - Muros › Mirador de Ézaro,33.7,,,2020
01.11,99,104,Stage 12 - Pola de Laviana › Alto de l'Angliru,109.4,,,2020
31.10,69,108,Stage 11 - Villaviciosa › Alto de la Farrapona,170,,,2020
30.10,90,116,Stage 10 - Castro Urdiales › Suances,185,,,2020
29.10,104,119,Stage 9 - Castrillo del Val › Aguilar de Campoo,157.7,,,2020
28.10,65,120,Stage 8 - Logroño › Alto de Moncalvillo,164,,,2020
27.10,113,136,Stage 7 - Vitoria-Gasteiz › Villanueva de Valdegovia,159.7,,,2020
25.10,155,139,Stage 6 - Biescas › Aramón Formigal,146.4,,,2020
24.10,128,129,Stage 5 - Huesca › Sabiñanigo,184.4,,,2020
23.10,105,134,Stage 4 - Garray › Ejea de los Caballeros,191.7,,,2020
22.10,137,138,Stage 3 - Lodosa › La Laguna Negra de Vinuesa,166.1,,,2020
21.10,91,116,Stage 2 - Pamplona › Lekunberri,151.6,,,2020
20.10,150,150,Stage 1 - Irún › Arrate,173,,,2020
04.10,DNF,,Liège-Bastogne-Liège (1.UWT),257,,,2020
30.09,107,,La Flèche Wallonne (1.UWT),202,5,,2020
27.09,66,,World Championships - Road Race (WC),258.2,15,,2020
20.09,61,,Gooikse Pijl (1.1),200.7,,,2020
07.09 » 14.09,,,Tirreno-Adriatico (2.UWT),,,,2020
,19,,Mountains classification,,,,2020
,29,,Points classification,,,,2020
,65,,General classification,,5,,2020
14.09,89,,Stage 8 (ITT) - San Benedetto del Tronto › San Benedetto del Tronto,10.1,,,2020
13.09,84,66,Stage 7 - Pieve Torina › Loreto,181,,,2020
12.09,78,65,Stage 6 - Castelfidardo › Senigallia,171,,,2020
11.09,56,67,Stage 5 - Norcia › Sassotetto,202,,,2020
10.09,90,67,Stage 4 - Terni › Cascia,194,,,2020
09.09,52,47,Stage 3 - Follonica › Saturnia,217,,,2020
08.09,147,6,Stage 2 - Camaiore › Follonica,201,,,2020
07.09,126,4,Stage 1 - Lido di Camaiore › Lido di Camaiore,133,,,2020
15.08,DNF,,Il Lombardia (1.UWT),231,,,2020
12.08,DNF,,Gran Piemonte (1.Pro),187,,,2020
08.08,107,,Milano-Sanremo (1.UWT),305,5,,2020
05.08,108,,Milano-Torino (1.Pro),198,,,2020
01.08,DNF,,Strade Bianche (1.UWT),184,,,2020
19.02 » 23.02,,,Vuelta a Andalucia Ruta Ciclista Del Sol (2.Pro),,,,2020
,54,,General classification,,,,2020
23.02,80,,Stage 5 (ITT) - Mijas › Mijas,13,,,2020
22.02,42,54,Stage 4 - Villanueva Mesia › Granada,125,,,2020
21.02,43,67,Stage 3 - Jáen › Ubeda,176.9,,,2020
20.02,50,80,Stage 2 - Sevilla  › Iznajar ,198.1,,,2020
19.02,90,90,Stage 1 - Alhaurin de la Torre › Grazalema,173.8,,,2020
05.02 » 09.02,,,Volta a la Comunitat Valenciana (2.Pro),,,,2020
,124,,General classification,,,,2020
09.02,128,,Stage 5 - Paterna › Valencia,97.7,,,2020
08.02,130,123,Stage 4 - Calp › Altea (Sierra de Bernia),167,,,2020
07.02,122,94,Stage 3 - Orihuela › Torrevieja,174.5,,,2020
06.02,101,90,Stage 2 - Torrent › Cullera (Montaña),181,,,2020
05.02,92,92,Stage 1 - Castelló › Vila-Real ,180,,,2020
08.10,62,,Binche -  Chimay - Binche / Mémorial Frank Vandenbroucke (1.1),198.6,,,2019
06.10,DNF,,La DH Famenne Ardenne Classic (1.1),180,,,2019
03.10,44,,Sparkassen Münsterland Giro (1.HC),193.3,,,2019
22.09,67,,Gooikse Pijl (1.1),198.1,,,2019
21.09,64,,Primus Classic (1.HC),197,,,2019
15.09,71,,Grand Prix Cycliste de Montréal (1.UWT),219.6,5,,2019
13.09,57,,Grand Prix Cycliste de Québec (1.UWT),201.6,5,3,2019
29.08 » 01.09,,,Deutschland Tour (2.HC),,,,2019
,39,,General classification,,,3,2019
01.09,79,,Stage 4 - Eisenach › Erfurt,159.5,,,2019
31.08,25,34,Stage 3 - Göttingen › Eisenach,189,,,2019
30.08,44,43,Stage 2 - Marburg › Göttingen,202,,,2019
29.08,86,86,Stage 1 - Hannover › Halberstadt,167,,,2019
25.08,65,,EuroEyes Cyclassics Hamburg (1.UWT),216.7,5,,2019
12.08 » 18.08,,,BinckBank Tour (2.UWT),,,,2019
,99,,General classification,,5,,2019
18.08,99,,Stage 7 - Sint-Pieters-Leeuw › Geraardsbergen,173.1,,,2019
17.08,118,119,Stage 6 (ITT) - Den Haag › Den Haag,8.4,,,2019
16.08,109,120,Stage 5 - Riemst › Venray,191.4,,,2019
15.08,76,123,Stage 4 - Houffalize › Houffalize,96.2,,,2019
14.08,118,139,Stage 3 - Aalter › Aalter,166.9,,,2019
13.08,147,144,Stage 2 - Blankenberge › Ardooie,169.1,,,2019
12.08,106,106,Stage 1 - Beveren › Hulst,167.2,,,2019
03.08,DNF,,Clásica Ciclista San Sebastián (1.UWT),227.3,,,2019
07.06 » 09.06,,,Hammer Limburg (2.1),,,,2019
,2,,General classification,,16,12.14,2019
09.06,6,,Stage 3 - Sittard-Geleen › Sittard-Geleen,49.6,,,2019
08.06,3,,Stage 2 - Sittard-Geleen › Sittard-Geleen,99.3,3,0.6,2019
11.05 » 02.06,,,Giro d'Italia (2.UWT),,,,2019
,66,,Mountains classification,,,,2019
,94,,Points classification,,,,2019
,75,,General classification,,20,,2019
02.06,132,,Stage 21 (ITT) - Verona › Verona,17,,,2019
01.06,51,74,Stage 20 - Feltre  › Monte Avena,194,,,2019
31.05,100,82,Stage 19 - Treviso › San Martino di Castrozza,151,,,2019
30.05,102,81,Stage 18 - Valdaora / Olang › Santa Maria di Sala,222,,,2019
29.05,96,82,Stage 17 - Commezzadura (Val di Sole) › Anterselva / Antholz,181,,,2019
28.05,94,74,Stage 16 - Lovere › Ponte di Legno,194,,,2019
26.05,73,72,Stage 15 - Ivrea › Como,232,,,2019
25.05,90,75,Stage 14 - Saint Vincent › Courmayeur (Skyway Monte Bianco),131,,,2019
24.05,52,66,Stage 13 - Pinerolo › Ceresole Reale (Lago Serrù),196,,,2019
23.05,96,81,Stage 12 - Cuneo › Pinerolo,158,,,2019
22.05,36,71,Stage 11 - Carpi › Novi Ligure,221,,,2019
21.05,108,72,Stage 10 - Ravenna › Modena,145,,,2019
19.05,142,74,Stage 9 (ITT) - Riccione › San Marino,34.8,,,2019
18.05,13,68,Stage 8 - Tortoreto Lido › Pesaro,239,3,,2019
17.05,70,80,Stage 7 - Vasto › L'Aquila,185,,,2019
16.05,109,96,Stage 6 - Cassino › San Giovanni Rotondo,238,,,2019
15.05,118,90,Stage 5 - Frascati › Terracina,140,,,2019
14.05,74,92,Stage 4 - Orbetello › Frascati,235,,,2019
13.05,164,113,Stage 3 - Vinci › Orbetello,220,,,2019
12.05,47,80,Stage 2 - Bologna › Fucecchio,205,,,2019
11.05,108,108,Stage 1 (ITT) - Bologna › Madonna di San Luca,8,,,2019
28.04,83,,Liège-Bastogne-Liège (1.UWT),256,5,,2019
24.04,80,,La Flèche Wallonne (1.UWT),195,5,,2019
21.04,48,,Amstel Gold Race (1.UWT),265.7,5,10,2019
13.03 » 19.03,,,Tirreno-Adriatico (2.UWT),,,,2019
,136,,General classification,,5,,2019
19.03,75,,Stage 7 (ITT) - San Benedetto del Tronto › San Benedetto del Tronto,10,,,2019
18.03,109,140,Stage 6 - Matelica › Jesi,195,,,2019
17.03,115,141,Stage 5 - Colli al Metauro › Recanati,180,,,2019
16.03,141,142,Stage 4 - Foligno › Fossombrone,221,,,2019
15.03,67,138,Stage 3 - Pomarance › Foligno,226,,,2019
14.03,141,149,Stage 2 - Camaiore › Pomarance,195,,,2019
13.03,2,148,Stage 1 (TTT) - Lido di Camaiore › Lido di Camaiore,21.5,16,3.57,2019
24.02 » 02.03,,,UAE Tour (2.UWT),,,,2019
,110,,General classification,,5,,2019
02.03,117,,Stage 7 - Dubai Safari Park › City Walk,145,,,2019
01.03,77,105,Stage 6 - Ajman › Jebel Jais,180,,,2019
28.02,128,132,Stage 5 - Flag Island › Khor Fakkan,181,,,2019
27.02,95,130,Stage 4 - Palm Jumeirah › Hatta Dam,197,,,2019
26.02,127,130,Stage 3 - UAE University › Jebel Hafeet,179,,,2019
25.02,128,133,Stage 2 - Yas Island › Abu Dhabi Big Flag,184,,,2019
24.02,1,130,Stage 1 (TTT) - Al Hudayriat Island › Al Hudayriat Island,16,20,5.71,2019
30.09,DNF,,World Championships - Road Race (WC),258,,,2018
23.09,94,,Gooikse Pijl (1.1),198.1,,,2018
22.09,67,,Tour de l'Eurométropole (1.HC),206,,,2018
15.09,81,,Primus Classic (1.HC),193,,,2018
14.09,126,,Kampioenschap van Vlaanderen (1.1),186,,,2018
09.09,44,,Grand Prix Cycliste de Montréal (1.UWT),195.2,5,10,2018
07.09,18,,Grand Prix Cycliste de Québec (1.UWT),201.6,17,30,2018
13.08 » 19.08,,,BinckBank Tour (2.UWT),,,,2018
,45,,General classification,,5,8,2018
19.08,34,,Stage 7 - Lacs de l'Eau d'Heure › Geraardsbergen,215.6,,,2018
18.08,71,73,Stage 6 - Riemst › Sittard-Geleen,182.2,,,2018
17.08,123,112,Stage 5 - Sint-Pieters-Leeuw › Lanaken,204.4,,,2018
16.08,136,121,Stage 4 - Blankenberge › Ardooie,165.5,,,2018
15.08,129,119,Stage 3 - Aalter › Antwerpen,174.9,,,2018
14.08,74,73,Stage 2 (ITT) - Venray › Venray,12.7,,,2018
13.08,135,135,Stage 1 - Heerenveen › Bolsward ,177.3,,,2018
04.08,DNF,,Clasica Ciclista San Sebastian (1.UWT),228.7,,,2018
07.07 » 29.07,,,Tour de France (2.UWT),,,,2018
,81,,General classification,,25,,2018
29.07,81,,Stage 21 - Houilles › Paris,116,,,2018
28.07,96,82,Stage 20 (ITT) - Saint-Pée-sur-Nivelle › Espelette,31,,,2018
27.07,72,80,Stage 19 - Lourdes  › Laruns,200.5,,,2018
26.07,41,80,Stage 18 - Trie-sur-Baïse › Pau,171,,,2018
25.07,75,82,Stage 17 - Bagnères-de-Luchon › Col Du Portet,65,,,2018
24.07,79,85,Stage 16 - Carcassonne › Bagnères-de-Luchon,218,,,2018
22.07,84,86,Stage 15 - Millau › Carcassonne,181,,,2018
21.07,105,86,Stage 14 - Saint-Paul-Trois-Châteaux › Mende,188,,,2018
20.07,65,81,Stage 13 - Bourg d'Oisans › Valence,169.5,,,2018
19.07,60,85,Stage 12 - Bourg-Saint-Maurice Les Arcs › Alpe d'Huez,175.5,,,2018
18.07,77,93,Stage 11 - Albertville › La Rosière Espace San Bernardo,108.5,,,2018
17.07,82,90,Stage 10 - Annecy › Le Grand-Bornand,158.5,,,2018
15.07,160,98,Stage 9 - Arras Citadelle › Roubaix,156.5,,,2018
14.07,103,72,Stage 8 - Dreux › Amiens Métropole,181,,,2018
13.07,151,73,Stage 7 - Fougères › Chartres,231,,,2018
12.07,95,67,Stage 6 - Brest › Mûr de Bretagne,181,,,2018
11.07,92,59,Stage 5 - Lorient › Quimper,204.5,,,2018
10.07,73,60,Stage 4 - La Baule › Sarzeau,195,,,2018
09.07,13,71,Stage 3 (TTT) - Cholet › Cholet,35.5,,,2018
08.07,104,102,Stage 2 - Mouilleron-Saint-Germain › La Roche-sur-Yon,182.5,,,2018
07.07,117,118,Stage 1 - Noirmoutier-en-l'Île ›  Fontenay-le-Comte,201,,,2018
13.06 » 17.06,,,Tour of Slovenia (2.1),,,,2018
,42,,General classification,,,,2018
17.06,26,,Stage 5 (ITT) - Trebnje › Novo Mesto,21.5,,,2018
16.06,38,42,Stage 4 - Ljubljana › Kamnik,155.2,,,2018
15.06,73,78,Stage 3 - Slovenske Konjice › Celje,175.7,,,2018
14.06,113,140,Stage 2 - Maribor › Rogaska Slatina,152.7,,,2018
13.06,133,143,Stage 1 - Lendava › Murska Sobota,159,,,2018
16.05 » 20.05,,,Tour of Norway (2.HC),,,,2018
,26,,Mountains classification,,,,2018
,48,,General classification,,,,2018
20.05,25,,Stage 5 - Moelv › Lillehammer,154,,,2018
19.05,82,86,Stage 4 - Kongsvinger › Brumunddal,218,,,2018
18.05,86,89,Stage 3 - Moss › Sarpsborg,175,,,2018
17.05,105,103,Stage 2 - Hønefoss › Asker,146,,,2018
16.05,69,70,Stage 1 - Svelvik › Horten,186,,,2018
22.04,78,,Liège - Bastogne - Liège (1.UWT),258.5,5,,2018
18.04,84,,La Flèche Wallonne (1.UWT),198.5,5,,2018
15.04,87,,Amstel Gold Race (1.UWT),263,5,,2018
11.04,11,,De Brabantse Pijl - La Flèche Brabanconne (1.HC),202,20,30,2018
02.04 » 07.04,,,Itzulia Basque Country (2.UWT),,,,2018
07.04,DNF,,Stage 6 - Eibar › Arrate,122.2,,,2018
06.04,132,135,Stage 5 - Vitoria › Eibar,164.7,,,2018
05.04,114,140,Stage 4 (ITT) - Lodosa › Lodosa,19.4,,,2018
04.04,135,142,Stage 3 - Bermeo › Valdegovía,184.8,,,2018
03.04,132,140,Stage 2 - Zarautz › Bermeo,166.7,,,2018
02.04,142,142,Stage 1 - Zarautz › Zarautz,162.1,,,2018
22.03 » 25.03,,,Settimana Internazionale Coppi e Bartali (2.1),,,,2018
,75,,General classification,,,,2018
25.03,69,,Stage 4 (ITT) - Fiorano Modenese › Montegibbio,12.5,,,2018
24.03,99,78,Stage 3 - Crevalcore › Crevalcore,171,,,2018
23.03,89,72,Stage 2 - Riccione › Sogliano al Rubicone,130,,,2018
22.03,85,85,Stage 1a - Gatteo › Gatteo,97.8,,,2018
22.03,4,17,Stage 1b (TTT) - Gatteo a Mare › Gatteo,13.3,4,,2018
04.03 » 11.03,,,Paris - Nice (2.UWT),,,,2018
11.03,DNF,,Stage 8 - Nice › Nice,110,,,2018
10.03,97,87,Stage 7 - Nice › Valdeblore La Colmiane,175,,,2018
09.03,105,92,Stage 6 - Sisteron › Vence,198,,,2018
08.03,70,80,Stage 5 - Salon-de-Provence › Sisteron,163.5,,,2018
07.03,90,102,Stage 4 (ITT) - La Fouillouse › Saint-Étienne,18.4,,,2018
06.03,99,103,Stage 3 - Bourges › Châtel-Guyon,210,,,2018
05.03,135,139,Stage 2 - Orsonville › Vierzon,187,,,2018
04.03,139,139,Stage 1 - Chatou › Meudon,135,,,2018
14.02 » 18.02,,,Volta ao Algarve em Bicicleta (2.HC),,,,2018
,107,,General classification,,,,2018
18.02,62,,Stage 5 - Faro › Malhão (Loulé),173.5,,,2018
17.02,155,140,Stage 4 - Almodôvar › Tavira,199.2,,,2018
16.02,90,126,Stage 3 (ITT) - Lagoa › Lagoa,20.3,,,2018
15.02,122,125,Stage 2 - Sagres › Fóia (Monchique),187.9,,,2018
14.02,151,151,Stage 1 - Albufeira › Lagos,192.6,,,2018
06.02 » 10.02,,,Dubai Tour (2.HC),,,,2018
06.02,DNS,,Stage 1 - Skydive Dubai › Palm Jumeirah,167,,,2018
03.10,42,,Sparkassen Münsterland Giro (1.HC),198.7,,,2017
24.09,90,,World Championships - Road Race (WC),267.5,15,,2017
16.09,63,,Primus Classic (1.HC),199.6,,,2017
13.09,36,,Grand Prix de Wallonie (1.1),212.1,,,2017
10.09,38,,Grand Prix Cycliste de Montréal (1.UWT),205.7,5,10,2017
08.09,32,,Grand Prix Cycliste de Québec (1.UWT),201.6,5,10,2017
27.08,92,,Bretagne Classic - Ouest-France (1.UWT),239.7,5,,2017
20.08,83,,Cyclassics Hamburg (1.UWT),220.9,5,,2017
30.07,61,,Prudential RideLondon-Surrey Classic (1.UWT),185.9,5,,2017
01.07 » 23.07,,,Tour de France (2.UWT),,,,2017
,132,,Points classification,,,,2017
,82,,General classification,,25,,2017
23.07,162,,Stage 21 - Montgeron › Paris,105,,,2017
22.07,85,80,Stage 20 (ITT) - Marseille › Marseille,22.5,,,2017
21.07,145,79,Stage 19 - Embrun › Salon-de-Provence,222.5,,,2017
20.07,79,79,Stage 18 - Briancon › Izoard,179.5,,,2017
19.07,138,80,Stage 17 - La Mure › Serre-Chevalier,183,,,2017
18.07,80,77,Stage 16 - Le Puy-en-Velay › Romans-sur-Isère,165,,,2017
16.07,100,84,Stage 15 - Laissac-Sévérac l'Église › Le Puy-en-Velay,189.5,,,2017
15.07,15,80,Stage 14 - Blagnac › Rodez,181.5,1,,2017
14.07,91,88,Stage 13 - Saint-Girons › Foix,101,,,2017
13.07,96,90,Stage 12 - Pau › Peyragudes,214.5,,,2017
12.07,148,86,Stage 11 - Eymet › Pau,203.5,,,2017
11.07,132,83,Stage 10 - Périgueux › Bergerac,178,,,2017
09.07,53,84,Stage 9 - Nantua › Chambéry,181.5,,,2017
08.07,93,86,Stage 8 - Dole › Station des Rousses,187.5,,,2017
07.07,141,78,Stage 7 - Troyes › Nuits-Saint-Georges,213.5,,,2017
06.07,121,76,Stage 6 - Vesoul › Troyes,216,,,2017
05.07,90,78,Stage 5 - Vittel › La Planche des Belles Filles,160.5,,,2017
04.07,165,71,Stage 4 - Mondorf-les-Bains › Vittel,207.5,,,2017
03.07,79,71,Stage 3 - Verviers › Longwy,212.5,,,2017
02.07,54,31,Stage 2 - Düsseldorf › Liège,203.5,,,2017
01.07,34,34,Stage 1 (ITT) - Düsseldorf › Düsseldorf,14,,,2017
10.06 » 18.06,,,Tour de Suisse (2.UWT),,,,2017
,54,,General classification,,5,5,2017
18.06,53,,Stage 9 (ITT) - Schaffhausen › Schaffhausen,28.6,,,2017
17.06,60,54,Stage 8 - Schaffhausen › Schaffhausen,100,,,2017
16.06,61,54,Stage 7 - Zernez › Sölden,166.3,,,2017
15.06,62,55,Stage 6 - Locarno › La Punt,166.7,,,2017
14.06,72,67,Stage 5 - Bex › Cevio,222,,,2017
13.06,59,74,Stage 4 - Bern › Villars-sur-Ollon,143.2,,,2017
12.06,47,81,Stage 3 - Menziken › Bern,159.3,,,2017
11.06,125,97,Stage 2 - Cham › Cham,172.7,,,2017
10.06,86,86,Stage 1 (ITT) - Cham › Cham,6,,,2017
24.05 » 28.05,,,Tour des Fjords (2.1),,,,2017
,19,,Mountains classification,,,,2017
,24,,General classification,,,3,2017
28.05,38,,Stage 5 - Hinna Park › Stavanger,163,,,2017
27.05,38,27,Stage 4 - Stavanger › Sandnes,162.4,,,2017
26.05,47,27,Stage 3 - Odda ›  Kopervik,180.2,,,2017
25.05,30,28,Stage 2 - Gulen › Norheimsund,185.1,,,2017
24.05,71,71,Stage 1 - Balestrand › Førde,189.9,,,2017
01.05,44,,Eschborn-Frankfurt 'Rund um den Finanzplatz' (1.UWT),215.7,5,5,2017
23.04,101,,Liège - Bastogne - Liège (1.UWT),258,5,,2017
19.04,38,,La Flèche Wallonne (1.UWT),200.5,5,8,2017
16.04,20,,Amstel Gold Race (1.UWT),261,15,30,2017
12.04,12,,De Brabantse Pijl - La Flèche Brabançonne (1.HC),197,18,25,2017
03.04 » 08.04,,,Vuelta al Pais Vasco (2.UWT),,,,2017
08.04,DNS,,Stage 6 (ITT) - Eibar › Eibar,27.7,,,2017
07.04,85,61,Stage 5 - Bilbao › Arrate,139.8,,,2017
06.04,50,55,Stage 4 - Donostia › Bilbao,174.1,,,2017
05.04,66,60,Stage 3 - Gasteiz › Donostia,160.5,,,2017
04.04,5,13,Stage 2 - Pamplona  › Eltziego,173.4,10,,2017
03.04,32,32,Stage 1 - Pamplona  › Eguesibar-Sarriguren,153.3,,,2017
01.04,5,,Volta Limburg Classic (1.1),198.6,28,50,2017
18.03,91,,Milano-Sanremo (1.UWT),291,5,,2017
08.03 » 14.03,,,Tirreno-Adriatico (2.UWT),,,,2017
,99,,General classification,,5,,2017
14.03,31,,Stage 7 (ITT) - San Benedetto del Tronto › San Benedetto del Tronto,10.05,,,2017
13.03,111,102,Stage 6 - Ascoli Piceno › Civitanova Marche,168,,,2017
12.03,74,100,Stage 5 - Rieti › Fermo,209,,,2017
11.03,104,145,Stage 4 - Montalto di Castro › Terminillo,171,,,2017
10.03,130,158,Stage 3 - Monterotondo Marittimo › Montalto di Castro,204,,,2017
09.03,161,172,Stage 2 - Camaiore › Pomarance,229,,,2017
08.03,6,172,Stage 1 (TTT) - Lido di Camaiore › Lido di Camaiore,22.7,,,2017
04.03,77,,Strade Bianche (1.UWT),175,5,,2017
23.02 » 26.02,,,Abu Dhabi Tour (2.UWT),,,,2017
,73,,General classification,,5,,2017
26.02,122,,Stage 4 - Yas Marina › Yas Marina,143,,,2017
25.02,73,76,Stage 3 - Hazza Bin Zayed Stadium › Jebel Hafeet,186,,,2017
24.02,141,131,Stage 2 -  Al Maryah Island › Big Flag,153,,,2017
23.02,72,74,Stage 1 - Baynounah Educational Complex › Madinat Zayed,189,,,2017
29.01,10,,Cadel Evans Great Ocean Road Race (1.UWT),173.9,42,50,2017
17.01 » 22.01,,,Santos Tour Down Under (2.UWT),,,,2017
,54,,General classification,,5,5,2017
22.01,38,,Stage 6 - Adelaide › Adelaide,90,,,2017
21.01,71,54,Stage 5 - McLaren Vale › Willunga Hill,151.5,,,2017
20.01,40,41,Stage 4 - Norwood › Campbelltown,149.5,,,2017
19.01,64,42,Stage 3 - Glenelg › Victor Harbor,144,,,2017
18.01,46,43,Stage 2 - Stirling › Paracombe,148.5,,,2017
17.01,35,37,Stage 1 - Unley › Lyndoch,118.5,,,2017
01.10,DNF,,Il Lombardia (1.UWT),240,,,2016
18.09,36,,UEC Road European Championships - Road Race (CC),232.9,,,2016
04.09 » 11.09,,,Tour of Britain (2.HC),,,,2016
,44,,General classification,,,,2016
11.09,68,,Stage 8 - London › London,100,,,2016
10.09,26,46,Stage 7b - Bristol › Bristol,90,,,2016
10.09,72,49,Stage 7a (ITT) - Bristol › Bristol,15,,,2016
09.09,39,47,"Stage 6 - Sidmouth › Haytor, Dartmoor",150,,,2016
08.09,94,66,Stage 5 - Aberdare › Bath,194.5,,,2016
07.09,67,63,Stage 4 - Denbigh › Builth Wells,218,,,2016
06.09,68,83,"Stage 3 - Congleton › Tatton Park, Knutsford",179.4,,,2016
05.09,80,96,Stage 2 - Carlisle › Kendal,188.2,,,2016
04.09,103,103,Stage 1 - Glasgow  › Castle Douglas,161.6,,,2016
28.08,124,,Bretagne Classic - Ouest-France (1.UWT),247,5,,2016
30.07,DNF,,Clasica Ciclista San Sebastian (1.UWT),220.2,,,2016
02.07 » 24.07,,,Tour de France (2.UWT),,,,2016
,89,,Points classification,,,,2016
,98,,General classification,,25,,2016
24.07,58,,Stage 21 - Chantilly › Paris,113,,,2016
23.07,85,99,Stage 20 - Megève › Morzine,146.5,,,2016
22.07,99,99,Stage 19 - Albertville › Saint-Gervais Mont Blanc,146,,,2016
21.07,83,101,Stage 18 (ITT) - Sallanches › Megève,17,,,2016
20.07,102,100,Stage 17 - Berne › Finhaut-Emosson,184.5,,,2016
18.07,69,104,Stage 16 - Moirans-en-Montagne › Berne,209,,,2016
17.07,103,107,Stage 15 - Bourg-en-Bresse › Culoz,159,,,2016
16.07,107,111,Stage 14 - Montélimar › Villars-les-Dombes Parc des Oiseaux,208.5,,,2016
15.07,70,112,Stage 13 (ITT) - Bourg-Saint-Andeol › Le Caverne de Pont d'Arc,37.5,,,2016
14.07,115,115,Stage 12 - Montpellier › Chalet-Reynard (Mont Ventoux),178,,,2016
13.07,76,110,Stage 11 - Carcassonne › Montpellier,162.5,,,2016
12.07,168,114,Stage 10 - Escaldes-Engordany › Revel,197,,,2016
10.07,169,110,Stage 9 - Vielha val d'Aran › Andorra Arcalis,184,,,2016
09.07,127,100,Stage 8 - Pau › Bagnères-de-Luchon,184,,,2016
08.07,80,91,Stage 7 - l'Isle-Jourdain › Lac de Payolle,162.5,,,2016
07.07,136,115,Stage 6 - Arpajon-sur-Cère › Montauban,190.5,,,2016
06.07,119,109,Stage 5 - Limoges › Le Lioran,216,,,2016
05.07,91,92,Stage 4 - Saumur  › Limoges,237.5,,,2016
04.07,159,101,Stage 3 - Granville › Angers,223.5,,,2016
03.07,98,95,Stage 2 - Saint-Lô › Cherbourg,183,,,2016
02.07,37,37,Stage 1 - Mont-Saint-Michel › Utah Beach Sainte-Marie-du-Mont,188,,,2016
11.06 » 19.06,,,Tour de Suisse (2.UWT),,,,2016
,36,,Mountains classification,,,,2016
,85,,General classification,,5,,2016
19.06,112,,Stage 9 - La Punt  › Davos ,57,,,2016
18.06,71,89,Stage 8 (ITT) - Davos  › Davos ,16.8,,,2016
17.06,103,91,Stage 7 - Arbon › Sölden,224.3,,,2016
16.06,105,83,Stage 6 - Weese › Amden,162.8,,,2016
15.06,77,74,Stage 5 - Brig/Glis ›  Carì,126.4,,,2016
14.06,66,54,Stage 4 - Rheinfelden › Champagne,193,,,2016
13.06,68,57,Stage 3 - Grosswangen › Rheinfelden,192.6,,,2016
12.06,21,15,Stage 2 -  Baar ›  Baar,187.6,,,2016
11.06,12,12,Stage 1 (ITT) -  Baar ›  Baar,6.4,,,2016
04.06,16,,Heistse Pijl - Heist op den Berg (1.1),195.2,5,3,2016
18.05 » 22.05,,,Tour of Norway (2.HC),,,,2016
,24,,Mountains classification,,,,2016
,14,,Points classification,,,,2016
,11,,General classification,,36,30,2016
22.05,16,,Stage 5 - Drøbak  › Sarpsborg,163,,,2016
21.05,3,10,Stage 4 - Flå  › Eggemoen,174,12,5,2016
20.05,15,14,Stage 3 - Rjukan  › Geilo,168,,,2016
19.05,13,24,Stage 2 - Kragerø  › Rjukan,211,,,2016
18.05,96,96,Stage 1 - Drammen › Langesund,173.4,,,2016
24.04,77,,Liège - Bastogne - Liège (1.UWT),248,5,,2016
20.04,113,,La Flèche Wallonne (1.UWT),196,5,,2016
17.04,77,,Amstel Gold Race (1.UWT),248.7,5,,2016
04.04 » 09.04,,,Vuelta Ciclista al Pais Vasco (2.UWT),,,,2016
08.04,OTL,,Stage 5 - Orio › Arrate (Eibar),159,,,2016
07.04,71,84,Stage 4 - Lesaka › Orio,165,,,2016
06.04,88,91,Stage 3 - Vitoria-Gasteiz › Lesaka,193.5,,,2016
05.04,74,92,Stage 2 - Markina-Xemein › Amurrio-Baranbio (Garrastatxu),174.2,,,2016
04.04,125,125,Stage 1 - Etxebarria › Markina-Xemein,144,,,2016
19.03,50,,Milano-Sanremo (1.UWT),293,5,10,2016
06.03 » 13.03,,,Paris - Nice (2.UWT),,,,2016
,107,,General classification,,5,,2016
13.03,111,,Stage 7 - Nice › Nice,141,,,2016
12.03,111,111,Stage 6 - Nice › La Madone d'Utelle,177,,,2016
11.03,103,89,Stage 5 - Saint-Paul-Trois-Châteaux › Salon-de-Provence,198,,,2016
10.03,63,57,Stage 4 - Juliénas › Romans-sur-Isère,193.5,,,2016
08.03,123,71,Stage 2 - Contres  › Commentry,214,,,2016
07.03,80,72,Stage 1 - Condé-sur-Vesgre  › Vendôme,195,,,2016
06.03,32,32,Prologue - Conflans-Sainte-Honorine › Conflans-Sainte-Honorine,6.1,,,2016
17.02 » 21.02,,,Vuelta a Andalucia Ruta Ciclista Del Sol (2.1),,,,2016
21.02,DNF,,Stage 5 - San Roque › Peñas Blancas,171,,,2016
20.02,50,87,Stage 4 (ITT) - Alhaurín de la Torre › Alhaurín de la Torre,21,,,2016
19.02,60,92,Stage 3 - Monachil › Padul,157.9,,,2016
18.02,136,129,Stage 2 - Palomares del Río › Córdoba,186.3,,,2016
17.02,32,32,Stage 1 - Almonaster la Real  › Sevilla,165.2,,,2016
03.02 » 07.02,,,Volta a la Comunitat Valenciana (2.1),,,,2016
,124,,General classification,,,,2016
07.02,162,,Stage 5 - Valencia › Valencia,105.7,,,2016
06.02,97,113,Stage 4 - Orihuela › Xorret del Catí,141.3,,,2016
05.02,43,121,Stage 3 - Sagunto › Alzira,173.5,,,2016
04.02,121,125,Stage 2 - Castellon › Fredes,163.3,,,2016
03.02,60,60,Stage 1 (ITT) - Benicàssim › Oropesa del Mar,16.25,,,2016
06.10,43,,Binche - Chimay - Binche / Mémorial Frank Vandenbroucke (1.1),194.5,,,2015
03.10,62,,Sparkassen Münsterland Giro (1.HC),179.9,,,2015
27.09,104,,World Championships - Road Race (WC),261.4,15,,2015
13.09,DNF,,Grand Prix Cycliste de Montréal (1.UWT),205.6,,,2015
11.09,79,,Grand Prix Cycliste de Québec (1.UWT),201.6,5,,2015
05.09,135,,Brussels Cycling Classic (1.HC),200.8,,,2015
30.08,64,,GP Ouest France - Plouay (1.UWT),229.1,5,,2015
25.08 » 28.08,,,Tour du Poitou Charentes (2.1),,,,2015
,16,,Mountains classification,,,,2015
,10,,General classification,,14,6,2015
28.08,29,,Stage 5 - Gourge › Poitiers,197.8,,,2015
27.08,16,11,Stage 4 (ITT) - Monts sur Guesnes › Loudun,23.2,,,2015
27.08,46,19,Stage 3 - Monts sur Guesnes › Loudun,98.6,,,2015
26.08,22,25,Stage 2 - Blanzac-Porcheresse › La Creche,194.7,,,2015
25.08,60,61,Stage 1 - Rochefort › Barbezieux,187,,,2015
23.08,100,,Vattenfall Cyclassics (1.UWT),221.3,5,,2015
04.07 » 26.07,,,Tour de France (2.UWT),,,,2015
,80,,Points classification,,,,2015
,80,,General classification,,25,,2015
26.07,40,,Stage 21 - Sèvres › Paris,109.5,,,2015
25.07,147,80,Stage 20 - Modane › l'Alpe d'Huez,110.5,,,2015
24.07,130,71,Stage 19 - Saint-Jean-de-Maurienne › La Toussuire - Les Sybelles,138,,,2015
23.07,57,71,Stage 18 - Gap › Saint-Jean-de-Maurienne,186.5,,,2015
22.07,72,76,Stage 17 - Digne-Les-Bains › Pra-Loup,161,,,2015
20.07,58,74,Stage 16 - Bourg-de-Péage › Gap,201,,,2015
19.07,14,71,Stage 15 - Mende › Valence,183,2,,2015
18.07,66,77,Stage 14 - Rodez › Mende,178.5,,,2015
17.07,5,84,Stage 13 - Muret › Rodez,198.5,32,2,2015
16.07,100,93,Stage 12 - Lannemezan › Plateau de Beille,195,,,2015
15.07,104,82,Stage 11 - Pau › Cauterets,188,,,2015
14.07,107,88,Stage 10 - Tarbes › La Pierre-Saint-Martin,167,,,2015
12.07,9,88,Stage 9 (TTT) - Vannes › Plumelec,28,,,2015
11.07,26,91,Stage 8 - Rennes › Mûr-de-bretagne,181.5,,,2015
10.07,42,108,Stage 7 - Livarot › Fougères,190.5,,,2015
09.07,18,113,Stage 6 - Abbeville › Le Havre,191.5,,,2015
08.07,142,119,Stage 5 - Arras › Amiens,189.5,,,2015
07.07,121,73,Stage 4 - Seraing › Cambrai,223.5,,,2015
06.07,46,58,Stage 3 - Antwerpen › Huy,159.5,,,2015
05.07,98,112,Stage 2 - Utrecht › Neeltje Jans,166,,,2015
04.07,42,42,Stage 1 (ITT) - Utrecht › Utrecht,13.8,,,2015
13.06 » 21.06,,,Tour de Suisse (2.UWT),,,,2015
,49,,General classification,,5,,2015
21.06,54,,Stage 9 (ITT) - Bern › Bern,38.4,,,2015
20.06,36,49,Stage 8 - Bern › Bern,152.5,,,2015
19.06,11,58,Stage 7 - Biel/Bienne › Düdingen,164.6,,,2015
18.06,97,67,Stage 6 - Wil › Biel/Bienne,193.1,,,2015
17.06,67,68,Stage 5 - Unterterzen/Flumserberg › Sölden/Rettenbachgletscher,237.3,,,2015
16.06,71,71,Stage 4 - Flims › Schwarzenbach,193.2,,,2015
15.06,64,83,Stage 3 - Quinto › Olivone,117.3,,,2015
14.06,98,92,Stage 2 - Risch-Rotkreuz › Risch-Rotkreuz,161.1,,,2015
13.06,38,38,Prologue - Risch-Rotkreuz › Risch-Rotkreuz,5.1,,,2015
26.04,96,,Liège - Bastogne - Liège (1.UWT),253,5,,2015
22.04,104,,La Flèche Wallonne (1.UWT),205.5,5,,2015
19.04,27,,Amstel Gold Race (1.UWT),258,8,,2015
15.04,11,,De Brabantse Pijl - La Flèche Brabançonne (1.HC),205.4,20,7,2015
22.03,17,,Milano-Sanremo (1.UWT),293,26,,2015
11.03 » 17.03,,,Tirreno-Adriatico (2.UWT),,,,2015
16.03,DNF,,Stage 6 - Rieti › Porto Sant'Elpidio,210,,,2015
15.03,103,99,Stage 5 - Esanatoglia › Terminillo,196.9,,,2015
14.03,106,99,Stage 4 - Indicatore › Castelraimondo,226,,,2015
13.03,7,25,Stage 3 - Cascina › Arezzo,203,4,,2015
12.03,130,48,Stage 2 - Camaiore › Cascina,153,,,2015
11.03,51,51,Prologue - Lido di Camaiore › Lido di Camaiore,5.4,,,2015
07.03,57,,Strade Bianche (1.HC),200,,,2015
01.03,DNF,,La Drome Classic (1.1),201,,,2015
28.02,16,,Classic Sud Ardèche - Souvenir Francis Delpech (1.1),198,5,,2015
18.02 » 22.02,,,Volta ao Algarve em Bicicleta (2.1),,,,2015
,13,,Points classification,,,,2015
,36,,General classification,,,,2015
22.02,59,,Stage 5 - Almodôvar › Vilamoura,184.3,,,2015
21.02,40,36,Stage 4 - Tavira › Malhão,215.7,,,2015
20.02,45,38,Stage 3 (ITT) - Vila do Bispo › Cabo de São Vicente,19,,,2015
19.02,52,42,Stage 2 - Lagoa › Monchique,197.2,,,2015
18.02,3,4,Stage 1 - Lagos › Albufeira,166.7,7,6,2015
10.10 » 14.10,,,Tour of Beijing (2.UWT),,,,2014
,35,,Points classification,,,,2014
,24,,General classification,,12,,2014
14.10,67,,Stage 5 - Tiananmen Square › Bird’s Nest Piazza,117,,,2014
13.10,32,25,Stage 4 - Yanqing › Mentougou Miaofeng Mountain,157,,,2014
12.10,14,11,Stage 3 - Yanqing › Qianjiadian Chao Yang Temple,176,,,2014
11.10,11,12,Stage 2 - Chong Li › Yanqing,111,,,2014
10.10,35,38,Stage 1 - Chong Li › Zhangjiakou,167,,,2014
03.10,44,,Sparkassen Münsterland Giro (1.1),205,,,2014
28.09,63,,World Championships - Road Race (WC),254.8,15,,2014
23.08 » 14.09,,,Vuelta a España (2.UWT),,,,2014
,24,,Points classification,,,,2014
,58,,General classification,,20,,2014
14.09,145,,Stage 21 (ITT) - Santiago de Compostela › Santiago de Compostela,9.7,,,2014
13.09,64,58,Stage 20 - Santa Estevo de Ribas do Sil › Puerto de Ancares,185.7,,,2014
12.09,7,59,Stage 19 - Salvaterra de Miño › Cangas de Morrazo,180.5,12,,2014
11.09,63,61,Stage 18 - A Estrada › Monte Castrove en Meis,157,,,2014
10.09,20,60,Stage 17 - Ortigueira › A Coruña,190.7,,,2014
08.09,93,64,Stage 16 - San Martín del Rey Aurelio › Lagos de Somiedo (La Farrapona),160.5,,,2014
07.09,105,61,Stage 15 - Oviedo › Lagos de Covadonga,152.2,,,2014
06.09,78,53,Stage 14 - Santander › La Camperona,200.8,,,2014
05.09,79,52,Stage 13 - Belorado › Obregón (Parque de Cabárceno),188.7,,,2014
04.09,36,52,Stage 12 - Logroño › Logroño,166.4,,,2014
03.09,66,52,Stage 11 - Pamplona › Santuario de San Miguel de Aralar,153.4,,,2014
02.09,126,54,Stage 10 (ITT) - Real Monasterio de Santa María de Veruela › Borja,36.7,,,2014
31.08,88,52,Stage 9 - Carboneras de Guadazaón › Aramón Valdelinares,185,,,2014
30.08,79,50,Stage 8 - Baeza › Albacete,207,,,2014
29.08,72,52,Stage 7 - Alhendín › Alcaudete,169,,,2014
28.08,68,53,Stage 6 - Benalmádena › La Zubia (Cumbres Verdes),167.1,,,2014
27.08,5,55,Stage 5 - Priego de Córdoba › Ronda,180,18,1,2014
26.08,70,68,Stage 4 - Mairena del Alcor (Sevilla) › Córdoba,164.7,,,2014
25.08,5,61,Stage 3 - Cádiz › Arcos de la Frontera,197.8,18,1,2014
24.08,174,150,Stage 2 - Algeciras › San Fernando,174.4,,,2014
23.08,8,51,Stage 1 (TTT) - Jerez de la Frontera › Jerez de la Frontera,12.6,,,2014
03.08 » 09.08,,,Tour de Pologne (2.UWT),,,,2014
,65,,General classification,,5,,2014
09.08,74,,Stage 7 (ITT) - Kraków › Kraków,25,,,2014
08.08,54,70,Stage 6 - BUKOVINA Terma Hotel Spa › Bukowina Tatrzańska,174,,,2014
07.08,106,90,Stage 5 - Zakopane › Strbske Pleso (Svk),190,,,2014
06.08,74,83,Stage 4 - Tarnów Gemini Park › Katowice,236,,,2014
05.08,95,85,Stage 3 - Kielce › Rzeszów,174,,,2014
04.08,114,85,Stage 2 - Toruń › Warszawa,226,,,2014
03.08,27,29,Stage 1 - Gdańsk › Bydgoszcz,226,,,2014
29.06,31,,National Championships Germany - Road Race (NC),206.4,,,2014
18.06 » 22.06,,,Ster ZLM Toer GP Jan van Heeswijk (2.1),,,,2014
,9,,Points classification,,,,2014
,4,,General classification,,36,24,2014
22.06,11,,Stage 4 - Gerwen › Boxtel,173.7,,,2014
21.06,3,4,Stage 3 - Hotel Verviers › La Gileppe,186.7,7,6,2014
20.06,6,13,Stage 2 - Buchten › Buchten,190.5,3,2,2014
19.06,43,14,Stage 1 - Rucphen › Sint Willebrord,183.9,,,2014
18.06,18,18,Prologue - Bladel › Bladel,7,,,2014
15.06,2,,Ronde van Limburg (1.1),199.5,55,56,2014
28.05 » 01.06,,,Baloise Belgium Tour (2.HC),,,,2014
,11,,Points classification,,,,2014
,15,,General classification,,20,3,2014
01.06,1,,Stage 5 - Oreye › Oreye,178.7,30,20,2014
31.05,24,25,Stage 4 - Lac de l'Eau d'Heure › Lac de l'Eau d'Heure,184,,,2014
30.05,28,27,Stage 3 (ITT) - Diksmuide › Diksmuide,16.7,,,2014
29.05,36,30,Stage 2 - Lierde › Knokke-Heist,170.4,,,2014
28.05,34,35,Stage 1 - Lochristi › Buggenhout,173.6,,,2014
21.05 » 25.05,,,Uno-X Tour of Norway (2.HC),,,,2014
,29,,General classification,,,,2014
25.05,41,,Stage 5 - Gjøvik › Hønefoss (Eggemoen),166,,,2014
24.05,25,26,Stage 4 - Brumunddal › Lillehammer,195,,,2014
23.05,22,21,Stage 3 - Årnes › Budor,181,,,2014
22.05,25,23,Stage 2 - Drøbak › Sarpsborg,195,,,2014
21.05,35,35,Stage 1 - Larvik › Larvik,148,,,2014
29.04 » 04.05,,,Tour de Romandie (2.UWT),,,,2014
,68,,General classification,,5,,2014
04.05,49,,Stage 5 (ITT) - Neuchâtel › Neuchâtel,18.5,,,2014
03.05,14,70,Stage 4 - Fribourg › Fribourg,174,,,2014
02.05,81,77,Stage 3 - Le Bouveret › Aigle,180.2,,,2014
01.05,60,63,Stage 2 - Sion › Montreux,166.5,,,2014
30.04,66,65,Stage 1 - Brigerbad › Sion,88.6,,,2014
29.04,61,61,Prologue - Ascona › Ascona,5.57,,,2014
27.04,45,,Liège - Bastogne - Liège (1.UWT),262.9,5,,2014
23.04,13,,La Flèche Wallonne (1.UWT),199,30,,2014
20.04,26,,Amstel Gold Race (1.UWT),251.4,9,,2014
07.04 » 12.04,,,Vuelta Ciclista al Pais Vasco (2.UWT),,,,2014
,12,,Points classification,,,,2014
,84,,General classification,,5,,2014
12.04,88,,Stage 6 (ITT) - Markina-Xemein › Markina-Xemein,25.9,,,2014
11.04,94,86,Stage 5 - Eibar › Markina-Xemein,160.2,,,2014
10.04,92,86,Stage 4 - Vitoria-Gasteiz › Eibar (Arrate),151,,,2014
09.04,5,72,Stage 3 - Urdazubi › Vitoria-Gasteiz,194.7,10,1,2014
08.04,5,79,Stage 2 - Ordizia › Dantxarinea (Urdazabi),155.8,10,1,2014
07.04,104,104,Stage 1 - Ordizia › Ordizia,153.4,,,2014
24.03 » 30.03,,,Volta Ciclista a Catalunya (2.UWT),,,,2014
30.03,DNF,,Stage 7 - Barcelona (Montjuïc) › Barcelona (Montjuïc),120.7,,,2014
29.03,16,64,Stage 6 - El Vendrell › Vilanova i la Geltrú,163.9,,,2014
28.03,4,70,Stage 5 - Llanars–Vall de Camprodon › Valls,222.2,13,1,2014
27.03,81,75,Stage 4 - Alp › Vallter 2000-Setcases,166.4,,,2014
26.03,79,78,Stage 3 - Banyoles › La Molina (Alp),162.9,,,2014
25.03,75,31,Stage 2 - Mataró › Girona,171.2,,,2014
24.03,4,6,Stage 1 - Calella › Calella,165.7,13,1,2014
19.03,114,,Nokere Koerse - Danilith Classic (1.1),199.3,,,2014
02.03,DNF,,Valence Drôme Classic (1.1),189.4,,,2014
01.03,DNF,,Classic Sud Ardèche - Souvenir Francis Delpech (1.1),200,,,2014
11.10 » 15.10,,,Tour of Beijing (WT),,,,2013
,52,,General classification,,5,,2013
15.10,134,,Stage 5 - Tian an men Square › Bird’s Nest Piazza,117,,,2013
14.10,52,51,Stage 4 - Yanqing › Mentougou Miaofeng Mountain,150.5,,,2013
13.10,31,35,Stage 3 - Yanqing › Qiandiajian,176,,,2013
12.10,57,73,Stage 2 - Huairou Studio City › Yanqing,201.5,,,2013
11.10,103,104,Stage 1 - Shunyi › Huairou Studio City,190.5,,,2013
03.10,59,,Sparkassen Münsterland Giro (1.1),205,,,2013
29.09,49,,World Championships - Road Race (WC),272.2,15,,2013
15.09,23,,Grand Prix Cycliste de Montréal (WT),205.7,12,,2013
13.09,14,,Grand Prix Cycliste de Québec (WT),201.6,26,,2013
07.09,109,,Brussels Cycling Classic (1.HC),201,,,2013
01.09,OTL,,GP Ouest France - Plouay (WT),248.3,,,2013
25.08,33,,Vattenfall Cyclassics (WT),245.9,5,,2013
08.08 » 11.08,,,Arctic Race of Norway (2.1),,,,2013
,3,,Mountains classification,,,,2013
,8,,Points classification,,,,2013
,5,,General classification,,28,20,2013
11.08,2,,Stage 4 - Sortland › Harstad,155,12,11,2013
10.08,81,67,Stage 3 - Svolvær › Stokmarknes,201.5,,,2013
09.08,76,57,Stage 2 - Svolvær › Svolvær,156.5,,,2013
08.08,52,53,Stage 1 - Bodø › Bodø,192.5,,,2013
04.08,37,,Ride London Classic (1.1),221,,,2013
27.07,87,,Clasica Ciclista San Sebastian (WT),232,5,,2013
20.07 » 24.07,,,Tour de Wallonie (2.HC),,,,2013
,28,,Mountains classification,,,,2013
,5,,Points classification,,,,2013
,9,,General classification,,45,9,2013
24.07,6,,Stage 5 - Soignies › Thuin,144.7,3,5,2013
23.07,29,16,Stage 4 - Andenne › Clabecq,197.1,,,2013
22.07,5,13,Stage 3 - Beaufays › Bastogne,168.5,4,6,2013
21.07,32,16,Stage 2 - Verviers › Engis,174.4,,,2013
20.07,6,8,Stage 1 - Ans › Eupen,183.6,3,5,2013
23.06,8,,National Championships Germany - Road Race (NC),225,,10,2013
12.06 » 16.06,,,Skoda-Tour de Luxembourg (2.HC),,,,2013
,13,,Mountains classification,,,,2013
,2,,Points classification,,,,2013
,1,,General classification,,150,100,2013
16.06,2,,Stage 4 - Mersch › Luxembourg,143.6,18,14,2013
15.06,4,3,Stage 3 - Eschweiler › Diekirch,178.8,7,7,2013
14.06,3,3,Stage 2 - Schifflange › Walferdange,173.1,12,8,2013
13.06,46,6,Stage 1 - Luxembourg › Hautcharage,183.8,,,2013
12.06,6,6,Prologue - Luxembourg › Luxembourg,2.55,3,5,2013
04.05 » 26.05,,,Giro d'Italia (WT),,,,2013
,58,,Mountains classification,,,,2013
,30,,Points classification,,,,2013
,63,,General classification,,20,,2013
26.05,87,,Stage 21 - Riese Pio X › Brescia,197,,,2013
25.05,54,63,Stage 20 - Silandro/Schlanders › Tre Cime de Lavaredo,210,,,2013
23.05,93,68,Stage 18 (ITT) - Mori › Polsa,20.6,,,2013
22.05,63,67,Stage 17 - Caravaggio › Vicenza,214,,,2013
21.05,90,72,Stage 16 - Valloire › Ivrea,238,,,2013
19.05,70,66,Stage 15 - Cesana Torinese › Les Granges du Galibier,149,,,2013
18.05,111,70,Stage 14 - Cervere › Bardonecchia (Jafferau),181,,,2013
17.05,13,64,Stage 13 - Busseto › Cherasco,254,3,,2013
16.05,144,74,Stage 12 - Longarone › Treviso,134,,,2013
15.05,5,70,Stage 11 - Tarvisio (Cave del Predil) › Vajont,182,18,1,2013
14.05,60,80,Stage 10 - Cordenons › Altopiano del Montasio,167,,,2013
12.05,59,82,Stage 9 - San Sepoicro › Firenze,170,,,2013
11.05,78,88,Stage 8 (ITT) - Gabicce Mare › Saltara,54.8,,,2013
10.05,81,90,Stage 7 - San Salvo › Pescara,177,,,2013
09.05,67,96,Stage 6 - Mola di Bari › Margherita di Savoia,169,,,2013
08.05,3,98,Stage 5 - Cosenza › Matera,203,35,4,2013
07.05,136,121,Stage 4 - Policastro Bussentino › Serra San Bruno,246,,,2013
06.05,120,88,Stage 3 - Sorrento › Marina di Ascea,222,,,2013
05.05,8,48,Stage 2 (TTT) - Ischia › Forio,17.4,,,2013
04.05,163,164,Stage 1 - Naples › Naples,130,,,2013
21.04,55,,Liège - Bastogne - Liège (WT),257.5,5,,2013
17.04,20,,La Flèche Wallonne (WT),205,15,,2013
14.04,30,,Amstel Gold Race (WT),251.8,5,,2013
01.04 » 06.04,,,Vuelta Ciclista al Pais Vasco (2.UWT),,,,2013
05.04,DNF,,Stage 5 - Eibar › Beasain,166.1,,,2013
04.04,55,73,Stage 4 - Trapagaran › Eibar/Arrate,151.6,,,2013
03.04,92,92,Stage 3 - Vitoria/Gasteiz › Trapagaran/La Lejana,164.7,,,2013
02.04,93,93,Stage 2 - Elgoibar › Vitoria/Gasteiz,170.2,,,2013
01.04,89,89,Stage 1 - Elgoibar › Elgoibar,156.5,,,2013
30.03,3,,Volta Limburg Classic (1.1),196,40,32,2013
17.03,82,,Milano-Sanremo (WT),245,5,,2013
06.03 » 12.03,,,Tirreno-Adriatico (WT),,,,2013
,75,,General classification,,5,,2013
12.03,61,,Stage 7 (ITT) - San Bendetto del Tronto › San Bendetto del Tronto,9.2,,,2013
11.03,83,75,Stage 6 - Porto Sant'Elpidio › Porto Sant'Elpidio,209,,,2013
10.03,70,67,Stage 5 - Ortona › Chieti,230,,,2013
09.03,65,61,Stage 4 - Narni › Prati di Tivo,173,,,2013
08.03,65,48,Stage 3 - Indicatore (Arezzo) › Narni Scalo,190,,,2013
07.03,130,64,Stage 2 - San Vincenzo › Indicatore (Arezzo),232,,,2013
06.03,11,61,Stage 1 (TTT) - San Vincenzo › San Vincenzo,16.9,,,2013
02.03,43,,Strade Bianche (1.1),188,,,2013
23.02,123,,Omloop Het Nieuwsblad ME (1.HC),198.6,,,2013
14.02 » 17.02,,,Volta ao Algarve (2.1),,,,2013
,4,,Points classification,,,,2013
,19,,General classification,,2,,2013
17.02,23,,Stage 4 (ITT) - Castro Marim › Tavira,34.8,,,2013
16.02,32,24,Stage 3 - Portimao › Alto do Malhão,193,,,2013
15.02,34,2,Stage 2 - Lagoa › Lagoa,195,,,2013
14.02,1,1,Stage 1 - Faro › Albufeira,198.8,20,16,2013
07.10,78,,Paris - Tours (1.HC),230.5,,,2012
29.09,DNF,,Il Lombardia (WT),251,,,2012
23.09,37,,World Championships - Road Race (WC),267.4,15,,2012
15.09,92,,GP Impanis - Van Petegem (1.1),201,,,2012
09.09,18,,Grand Prix Cycliste de Montréal (WT),205.7,17,,2012
07.09,12,,Grand Prix Cycliste de Quebec (WT),201.6,34,,2012
26.08,40,,GP Ouest France - Plouay (WT),248.3,5,,2012
19.08,68,,Vattenfall Cyclassics (WT),245.9,5,,2012
14.08,37,,Clasica Ciclista San Sebastian (WT),234,5,,2012
01.08 » 05.08,,,Vuelta a Burgos (2.HC),,,,2012
,9,,Points classification,,,,2012
,42,,General classification,,,,2012
05.08,54,42,Stage 5 - Revenga › Lagunas de Neila,170,,,2012
04.08,1,51,Stage 4 - Doña Santos › Clunia,170,30,20,2012
03.08,122,97,Stage 3 - Santo Domingo de Silos › Lerma,159,,,2012
02.08,21,88,Stage 2 - Burgos › Burgos,141,,,2012
01.08,105,105,Stage 1 - Miranda de Ebro › Ojo Guareña,135,,,2012
10.07 » 16.07,,,Tour de Pologne (WT),,,,2012
,39,,Mountains classification,,,,2012
,30,,General classification,,5,,2012
16.07,87,30,Stage 7 - Kraków › Kraków,131.4,,,2012
15.07,28,33,Stage 6 - Bukovina Terma › Bukowina Tatrzańska,191.8,,,2012
14.07,26,45,Stage 5 - Rabka › Zakopane,163.1,,,2012
13.07,90,54,Stage 4 - Będzin › Katowice,124.7,,,2012
12.07,66,55,Stage 3 - Kędzierzyn › Cieszyn,201.7,,,2012
11.07,39,48,Stage 2 - Wałbrzych › Opole,239.4,,,2012
10.07,72,72,Stage 1 - Karpacz › Jelenia Góra,179.5,,,2012
24.06,4,,National Championships Germany - Road Race (NC),199.5,4,30,2012
03.06 » 10.06,,,Critérium du Dauphiné (WT),,,,2012
,30,,Points classification,,,,2012
,89,,General classification,,5,,2012
10.06,97,89,Stage 7 - Morzine › Châtel,124.5,,,2012
09.06,94,87,Stage 6 - Saint-Alban-Leysse › Morzine,167.5,,,2012
08.06,124,84,Stage 5 - Saint-Trivier-sur-Moignans › Rumilly,186.5,,,2012
07.06,21,16,Stage 4 (ITT) - Villié-Morgon › Bourg-en-Bresse,53.5,,,2012
06.06,41,6,Stage 3 - Givors › La Clayette,167,,,2012
05.06,42,6,Stage 2 - Lamastre › Saint-Félicien,160,,,2012
04.06,14,6,Stage 1 - Seyssins › Saint-Vallier,187,,,2012
03.06,7,7,Prologue - Grenoble › Grenoble,5.7,4,,2012
13.05 » 20.05,,,Amgen Tour of California (2.HC),,,,2012
,43,,General classification,,,,2012
20.05,93,44,Stage 8 - Los Angeles › Los Angeles,68.5,,,2012
19.05,68,43,Stage 7 - Ontario › Mt. Baldy,126,,,2012
18.05,44,27,Stage 6 - Palmdale › Big Bear Lake,186.3,,,2012
17.05,33,26,Stage 5 (ITT) - Bakersfield › Bakerfield,29.7,,,2012
16.05,51,33,Stage 4 - Sonora › Clovis,209.6,,,2012
15.05,57,27,Stage 3 - Jose › Livermore,185.5,,,2012
14.05,43,23,Stage 2 - Francisco › Santa Cruz,188.5,,,2012
13.05,11,14,Stage 1 - Santa Rosa › Santa Rosa,186.5,,,2012
22.04,82,,Liège - Bastogne - Liège (WT),257.5,5,,2012
18.04,16,,La Flèche Wallonne (WT),194,20,,2012
15.04,33,,Amstel Gold Race (WT),256.5,5,,2012
11.04,DNF,,De Brabantse Pijl - La Flèche Brabançonne (1.HC),195.7,,,2012
02.04 » 07.04,,,Vuelta Ciclista al Pais Vasco (2.UWT),,,,2012
,90,,General classification,,5,,2012
07.04,83,,Stage 6 (ITT) - Oñate › Oñate,18.9,,,2012
06.04,82,94,Stage 5 - Vera de Bidasoa › Oñate,183,,,2012
05.04,97,97,Stage 4 - Éibar › Alto de Ibardin,151,,,2012
04.04,100,101,Stage 3 - Vitoria › Arrate,152,,,2012
03.04,16,38,Stage 2 - Güeñes › Vitoria,165.7,,,2012
02.04,81,81,Stage 1 - Güeñes › Güeñes,154,,,2012
25.03,54,,Gent - Wevelgem (WT),234.6,5,,2012
17.03,61,,Milano-Sanremo (WT),298,5,,2012
07.03 » 13.03,,,Tirreno-Adriatico (WT),,,,2012
12.03,DNF,,Stage 6 - Offida › Offida,181,,,2012
11.03,92,78,Stage 5 - Martinsicuro › Prati Di Tivo,196,,,2012
10.03,65,54,Stage 4 - Amelia › Chieti,252,,,2012
09.03,145,90,Stage 3 - Indicatore › Terni,178,,,2012
08.03,152,98,Stage 2 - San Vincenzo › Arezzo,230,,,2012
07.03,16,106,Stage 1 (TTT) - San Vincenzo › Donoratico,16.9,,,2012
25.02,98,,Omloop Het Nieuwsblad ME (1.HC),199.6,,,2012
15.02 » 19.02,,,Volta ao Algarve (2.1),,,,2012
,47,,General classification,,,,2012
19.02,43,47,Stage 5 (ITT) - Lagoa › Portim,25.8,,,2012
18.02,15,51,Stage 4 - Vilamoura › Tavira,186.3,,,2012
17.02,52,51,Stage 3 - Castro Marim › Alto do Malh?o (Loul,194.6,,,2012
16.02,18,14,Stage 2 - Faro › Lagoa,187.5,,,2012
15.02,16,16,Stage 1 - Dunas Douradas (Loul › Albufeira,151,,,2012
06.02,130,,Trofeo Migjorn (1.1),171.7,,,2012
05.02,114,,Trofeo Palma de Mallorca (1.1),116,,,2012
05.10 » 09.10,,,Tour of Beijing (WT),,,,2011
,30,,Points classification,,,,2011
,20,,General classification,,20,,2011
09.10,54,,Stage 5 - Tian An Men Square › Bird?s Nest Olympic Stadium,118,,,2011
08.10,51,,Stage 4 - Yan Qing Gui Chuan Square › Shunyi Olympic Rowing and Canoeing Centre,189.5,,,2011
07.10,6,,Stage 3 - Men Tou Gou › Yong Ning Town,162,7,,2011
06.10,52,,Stage 2 - Bird's Nest › Men Tou Gou,133.5,,,2011
05.10,30,,Stage 1 (ITT) - Bird's Nest › Water Cube,11.3,,,2011
21.09,89,,Omloop van het Houtland (1.1),193.6,,,2011
20.08 » 11.09,,,Vuelta a España (WT),,,,2011
,44,,Mountains classification,,,,2011
,72,,Points classification,,,,2011
,119,,General classification,,20,,2011
11.09,70,,Stage 21 - Circuito del Jarama › Madrid,94,,,2011
10.09,88,119,Stage 20 - Bilbao › Vitoria,187,,,2011
09.09,66,118,Stage 19 - Noja › Bilbao,157.9,,,2011
08.09,64,125,Stage 18 - Solares › Noja,169.7,,,2011
07.09,97,127,Stage 17 - Faustino V › Peña Cabarga,212.5,,,2011
06.09,30,133,Stage 16 - Villa Romana La Olmeda (Palencia) › Haro,180,,,2011
04.09,168,135,Stage 15 - Avilés › Anglirú,144,,,2011
03.09,93,128,Stage 14 - Astorga › La Farrapona. Lagos De Somiedo,173.2,,,2011
02.09,151,132,Stage 13 - Sarria › Ponferrada,150,,,2011
01.09,8,118,Stage 12 - Ponteareas › Pontevedra,160,10,,2011
31.08,96,121,Stage 11 - Verín › Estación de Montaña Manzaneda,171,,,2011
29.08,99,128,Stage 10 (ITT) - Salamanca › Salamanca,47,,,2011
28.08,103,129,Stage 9 - Villacastín › Sierra de Béjar. La Covatilla,179.5,,,2011
27.08,112,128,Stage 8 - Talavera de la Reina › San Lorenzo de El Escorial,183,,,2011
26.08,133,125,Stage 7 - Almadén › Talavera de la Reina,185,,,2011
25.08,122,128,Stage 6 - Úbeda › Córdoba,193.4,,,2011
24.08,101,122,Stage 5 - Sierra Nevada › Valdepeñas de Jaén,187,,,2011
23.08,163,128,Stage 4 - Baza › Sierra Nevada,170.2,,,2011
22.08,99,94,Stage 3 - Petrer › Totana,164,,,2011
21.08,148,133,Stage 2 - La Nucía › Playas de Orihuela,171.5,,,2011
20.08,15,98,Stage 1 (TTT) - Benidorm › Benidorm,13.5,,,2011
31.07 » 06.08,,,Tour de Pologne (WT),,,,2011
,27,,Points classification,,,,2011
,33,,General classification,,5,,2011
06.08,83,,Stage 7 - Kraków › Kraków,128,,,2011
05.08,38,,Stage 6 - Terma Bukovina › Terma Bukovina,207.7,,,2011
04.08,20,,Stage 5 - Zakopane › Zakopane,201.5,,,2011
03.08,4,,Stage 4 - Oswiecim › Cieszyn,176.9,13,1,2011
02.08,107,,Stage 3 - Bedzin › Katowice,135.7,,,2011
01.08,43,,Stage 2 - Czestochowa › Dabrowa Gornicza,159.6,,,2011
01.08,137,,Stage 2 - Czestochowa › Dabrowa Gornicza,159.6,,,2011
31.07,155,,Stage 1 - Pruszkow › Varsovie,101.5,,,2011
26.06,27,,National Championships Germany - Road Race (NC),210.6,,,2011
05.06 » 12.06,,,Critérium du Dauphiné (WT),,,,2011
,18,,Points classification,,,,2011
,80,,General classification,,5,,2011
12.06,92,,Stage 7 - Pontcharra › La Toussuire,117.5,,,2011
11.06,110,,Stage 6 - Les Gets › Le Collet d’Allevard,192.5,,,2011
10.06,65,,Stage 5 - Parc des Oiseaux - Villars-les-Dombes › Les Gets,210,,,2011
09.06,157,,Stage 4 - La Motte-Servolex › Mâcon,173.5,,,2011
08.06,71,,Stage 3 (ITT) - Grenoble › Grenoble,42.5,,,2011
07.06,4,,Stage 2 - Voiron › Lyon,179,13,1,2011
06.06,68,,Stage 1 - Albertville › Saint-Pierre-de-Chartreuse,144,,,2011
05.06,11,,Prologue - Saint-Jean-de-Maurienne › Saint-Jean-de-Maurienne,5.4,,,2011
15.05 » 22.05,,,Amgen Tour Of California (2.HC),,,,2011
,24,,General classification,,2,,2011
22.05,71,,Stage 8 - Santa Clarita › Thousand Oaks,129.4,,,2011
21.05,19,,Stage 7 - Claremont › Mt. Baldy,121.9,,,2011
20.05,33,,Stage 6 (ITT) - Solvang › Solvang,24.1,,,2011
19.05,4,,Stage 5 - Seaside › Paso Robles,217.4,7,7,2011
18.05,38,,Stage 4 - Livermore › San José,131.6,,,2011
17.05,80,,Stage 3 - Auburn › Sacramento,196.2,,,2011
16.05,120,,Stage 2 - Nevada City › Sacramento,122.8,,,2011
01.05,63,,Rund um den Finanzplatz Eschborn-Frankfurt (1.HC),202.7,,,2011
24.04,13,,Liège - Bastogne - Liège (WT),255.5,38,,2011
20.04,10,,La Flèche Wallonne (WT),201,42,2,2011
17.04,10,,Amstel Gold Race (WT),261,42,2,2011
13.04,14,,De Brabantse Pijl - La Flèche Brabançonne (1.HC),200.4,14,,2011
04.04 » 09.04,,,Vuelta Ciclista al Pais Vasco (2.UWT),,,,2011
,20,,Points classification,,,,2011
,85,,General classification,,5,,2011
09.04,109,,Stage 6 (ITT) - Zalla › Zalla,24,,,2011
08.04,50,88,Stage 5 - Eibar › Zalla,179,,,2011
07.04,86,94,Stage 4 - Amurrio › Eibar (Arrate),177,,,2011
06.04,3,90,Stage 3 - Villatuerta › Murgia,177,18,2,2011
05.04,89,106,Stage 2 - Zumarraga › Lekunberri,167,,,2011
04.04,115,116,Stage 1 - Zumarraga › Zumarraga,149.5,,,2011
21.03 » 27.03,,,Volta Ciclista a Catalunya (WT),,,,2011
,139,,General classification,,5,,2011
27.03,129,,Stage 7 - Parets del Vallès › Barcelona (Pla de Palau),124.5,,,2011
26.03,50,148,Stage 6 - Tarragona › Mollet del Vallès,189.5,,,2011
25.03,148,150,Stage 5 - El Vendrell › Tarragona,213.5,,,2011
24.03,18,157,Stage 4 - La Seu d’Urgell › El Vendrell,195,,,2011
23.03,155,159,Stage 3 - La Vall d’en Bas (Sant Esteve d’en Bas) › Andorra (Vallnord),183.9,,,2011
22.03,179,139,Stage 2 - Santa Coloma de Farners › Banyoles,169.3,,,2011
21.03,111,113,Stage 1 - Lloret de Mar › Lloret de Mar,166.9,,,2011
16.03,139,,Nokere-Koerse (1.1),195.9,,,2011
16.10,DNF,,Giro di Lombardia (1.HC),260,,,2010
14.10,82,,Gran Piemonte (1.HC),194,,,2010
10.10,4,,Gran Premio Bruno Beghelli (1.1),191.5,32,,2010
09.10,DNF,,Giro dell'Emilia (1.HC),200,,,2010
03.10,25,,World Championships - Road Race (WC),262.7,20,,2010
19.09,82,,Grand Prix d'Isbergues - Pas de Calais (1.1),200,,,2010
17.09,90,,Kampioenschap van Vlaanderen (1.1),182.6,,,2010
15.09,1,,Grand Prix de Wallonie (1.1),202.4,75,,2010
11.09,4,,Paris-Bruxelles (1.HC),218.5,50,,2010
08.09,125,,Memorial Rik Van Steenbergen (1.1),195.9,,,2010
05.09,6,,Grote Prijs Jef Scherens - Rondom Leuven (1.1),183.3,24,,2010
06.06 » 13.06,,,Critérium du Dauphiné (PT),,,,2010
08.06,DNS,,Stage 3 - Annonay › Bourg-Saint-Andéol,177,,,2010
07.06,141,,Stage 2 - Evian-les-Bains › Saint-Laurent-du-Pont,191.5,,,2010
06.06,9,,Prologue - Evian-les-Bains › Evian-les-Bains,6.8,2,,2010
16.05 » 23.05,,,Amgen Tour Of California (2.HC),,,,2010
23.05,OTL,,Stage 8 - Thousand Oaks › Agoura Hills,134,,,2010
22.05,28,,Stage 7 (ITT) - Los Angeles › Los Angeles,33.5,,,2010
21.05,7,,Stage 6 - Palmdale › Big Bear Lake,213.7,2,4,2010
20.05,5,,Stage 5 - Visalia › Bakersfield,195.5,4,6,2010
19.05,56,,Stage 4 - San Jose › Modesto,195.5,,,2010
18.05,31,,Stage 3 - San Francisco › Santa Cruz,183,,,2010
17.05,65,,Stage 2 - Davis › Santa Rosa,176,,,2010
16.05,67,,Stage 1 - Nevada City › Sacramento,168,,,2010
25.04,14,,Liège - Bastogne - Liège (1.HC),258,34,,2010
21.04,81,,La Flèche Wallonne (1.HC),198,5,,2010
18.04,11,,Amstel Gold Race (1.HC),257,38,,2010
14.04,4,,De Brabantse Pijl - La Flèche Brabançonne (1.1),200.5,32,,2010
05.04 » 10.04,,,Vuelta Ciclista al Pais Vasco (2.UWT),,,,2010
,19,,Points classification,,,,2010
,63,,General classification,,5,,2010
10.04,61,,Stage 6 (ITT) - Orio › Orio,22,,,2010
09.04,75,67,Stage 5 - Eibar › Orio,170,,,2010
08.04,97,69,Stage 4 - Murgia › Eibar (Arrate),160,,,2010
07.04,9,27,Stage 3 - Viana › Amurrio,187,2,,2010
06.04,9,28,Stage 2 - Zierbena › Viana,217,2,,2010
05.04,34,34,Stage 1 - Zierbena › Zierbena,152,,,2010
27.03,8,,E3 Prijs Vlaanderen (1.HC),203,30,,2010
20.03,15,,Milano-Sanremo (1.HC),298,30,,2010
10.03 » 16.03,,,Tirreno-Adriatico (WT),,,,2010
,25,,General classification,,9,,2010
16.03,45,,Stage 7 - Civitanova Marche › San Benetto del Tronto,164,,,2010
15.03,48,,Stage 6 - Montecosaro › Macerata,134,,,2010
14.03,33,,Stage 5 - Chieti › Colmurano,216,,,2010
13.03,17,,Stage 4 - San Gemini › Chieti,243,,,2010
12.03,19,,Stage 3 - Montecatini Terme › Monsummano Terme,159,,,2010
11.03,2,,Stage 2 - Montecatini Terme › Montecatini Terme,165,30,4,2010
10.03,110,,Stage 1 - Livorno › Rosignano Solvay,148,,,2010
21.02 » 25.02,,,Vuelta a Andalucia Ruta ciclista del Sol (2.1),,,,2010
,35,,General classification,,,,2010
25.02,44,,Stage 5 - Torrox Costa › Antequera,161.4,,,2010
24.02,8,,Stage 4 (ITT) - Málaga › Málaga,10.9,1,,2010
23.02,8,,Stage 3 - Marbella › Benahaves,162.5,1,,2010
22.02,8,,Stage 2 - Otura › Cordoba,182.2,1,,2010
21.02,56,,Stage 1 - Jaen › Alto de las Allanadas,159.2,,,2010
10.02 » 14.02,,,Tour Méditerranéen Cycliste Professionnel (2.1),,,,2010
,46,,General classification,,,,2010
14.02,45,,Stage 5 - La Ciotat › Toulon Mont Feron,126,,,2010
13.02,54,,Stage 4 - La Londe les Maures › Peymeinade,127,,,2010
12.02,13,,Stage 3 - Greasque › Six Fours,115,,,2010
11.02,72,,Stage 2 - Peynier › Trets,170,,,2010
10.02,111,,Stage 1 - Carcassonne › Sauvian,92.5,,,2010
17.10,40,,Giro di Lombardia (WT),242,5,,2009
15.10,6,,Gran Piemonte (1.HC),184,40,,2009
11.10,23,,Gran Premio Bruno Beghelli (1.1),185.6,,,2009
10.10,30,,Giro dell'Emilia (1.HC),198.5,,,2009
27.09,103,,World Championships - Road Race (WC),262.2,15,,2009
29.08 » 20.09,,,Vuelta a España (2.HC),,,,2009
11.09,DNF,,Stage 12 - Almería › Alto de Velefique,179.3,,,2009
09.09,137,83,Stage 11 - Murcia › Caravaca de la Cruz,191,,,2009
08.09,68,59,Stage 10 - Alicante › Murcia,162,,,2009
07.09,75,59,Stage 9 - Alcoi › Xorret de Catí,188.8,,,2009
06.09,64,64,Stage 8 - Alzira › Alto de Aitana,204.7,,,2009
05.09,134,86,Stage 7 (ITT) - Valencia › Valencia,30.3,,,2009
04.09,82,54,Stage 6 - Xàtiva › Xàtiva,185.7,,,2009
03.09,37,68,Stage 5 - Tarragona › Vinaròs,174,,,2009
01.09,86,74,Stage 4 - Venlo › Liège,225.5,,,2009
31.08,76,86,Stage 3 - Zutphen › Venlo,189.7,,,2009
30.08,116,85,Stage 2 - Assen › Emmen,203.7,,,2009
29.08,31,31,Prologue - Assen › Assen,4.8,,,2009
23.08,3,,GP Ouest France - Plouay (PT),229.2,110,,2009
18.08 » 21.08,,,Tour Du Limousin (2.1),,,,2009
,18,,General classification,,3,,2009
21.08,3,,Stage 4 - Châlus › Limoges,180.1,7,,2009
20.08,21,,Stage 3 - St Martin de Jussac › St Junien,189.6,,,2009
19.08,9,,Stage 2 - Eymoutiers › Felletin,186.6,,,2009
18.08,3,,Stage 1 - Limoges › Ussel,159.6,7,,2009
01.08,68,,Clasica Ciclista San Sebastian (PT),237,5,,2009
22.07 » 26.07,,,Sachsen-tour International Um Den Sparkassen-cup (2.1),,,,2009
,8,,General classification,,18,,2009
26.07,7,,Stage 5 - Dresden › Dresden,146,2,,2009
25.07,9,,Stage 4 - Chemnitz › Sebnitz,183,,,2009
24.07,30,,Stage 3 - Aue › Meerane,184,,,2009
23.07,2,,Stage 2 - Leipzig › Eibenstock,194,12,,2009
22.07,44,,Stage 1 - Dresden › Markkleeberg,162,,,2009
13.06 » 21.06,,,Tour de Suisse (PT),,,,2009
,103,,General classification,,5,,2009
21.06,99,,Stage 9 (ITT) - Bern › Bern,38.5,,,2009
20.06,113,106,Stage 8 - Le Sentier › Crans-Montana,181.7,,,2009
19.06,112,100,Stage 7 - Bad Zurzach › Vallorbe Juraparc,204.1,,,2009
18.06,135,93,Stage 6 - Oberriet › Bad Zurzach,178,,,2009
17.06,113,93,Stage 5 - Stäfa › Serfaus,201.5,,,2009
16.06,81,62,Stage 4 - Biasca › Stäfa,196.6,,,2009
15.06,96,63,Stage 3 - Davos › Lumino,195.4,,,2009
14.06,78,51,Stage 2 - Davos › Davos,149.8,,,2009
13.06,60,61,Prologue - Mauren (LI) › Ruggell,7.8,,,2009
18.05 » 24.05,,,Volta Ciclista a Catalunya (PT),,,,2009
,41,,General classification,,5,,2009
24.05,100,,Stage 7 - Barcelona › Circuit de Catalunya,110.8,,,2009
23.05,114,,Stage 6 - Torredembarra › Barcelona,150.5,,,2009
22.05,16,,Stage 5 - La Seu d'Urgell › Torredembarra,201.3,,,2009
21.05,66,,Stage 4 - La Pobla de lillet › Vallnord Sector Pal (Andorra),175.7,,,2009
20.05,19,,Stage 3 - Roses › La Pobla de Lillet,182.9,,,2009
19.05,7,,Stage 2 - Girona › Roses,163.1,4,,2009
18.05,52,,Prologue - Lloret de Mar › Lloret de Mar,3.6,,,2009
01.05,5,,Eschborn-Frankfurt City Loop (1.HC),190.8,45,,2009
26.04,32,,Liège - Bastogne - Liège (1.HC),261,8,,2009
19.04,31,,Amstel Gold Race (PT),258.6,5,,2009
06.04 » 11.04,,,Vuelta Ciclista al Pais Vasco (2.UWT),,,,2009
10.04,DNF,,Stage 5 - Güeñes  › Zalla,169,,,2009
09.04,12,53,Stage 4 - Eibar › Güeñes,161,,,2009
08.04,61,54,Stage 3 - Villatuert › Eibar (Arrate),172.5,,,2009
07.04,11,24,Stage 2 - Ataun  › Villatuerta,160,,,2009
06.04,27,27,Stage 1 - Ataun › Ataun,142.5,,,2009
29.03,17,,De Brabantse Pijl - La Flèche Brabançonne (1.1),193.5,4,,2009
22.03,11,,Eneco Ronde Van Het Groene Hart (1.1),203.4,12,,2009
11.03 » 17.03,,,Tirreno-Adriatico (WT),,,,2009
17.03,DNF,,Stage 7 - San Benedetto del Tronto › San Benedetto del Tronto,169,,,2009
16.03,66,,Stage 6 - Civitanova Marche › Camerino,235,,,2009
15.03,33,,Stage 5 (ITT) - Loreto › Macerata,30,,,2009
14.03,126,,Stage 4 - Foligno › Montelupone,171,,,2009
13.03,145,,Stage 3 - Fucecchio › Santa Croce sull'Arno,166,,,2009
12.03,60,,Stage 2 - Volterra › Marina di Carrara,177,,,2009
11.03,84,,Stage 1 - Cecina › Capannori,147,,,2009
21.02 » 22.02,,,Tour Cycliste International du Haut Var (2.1),,,,2009
,28,,General classification,,,,2009
22.02,39,,Stage 2 - Draguignan › Callian,194,,,2009
21.02,13,,Stage 1 - Saint-Raphaël › Grimaud,160,,,2009
12.02,67,,Trofeo Calvia (1.1),147.6,,,2009
09.02,165,,Trofeo Cala: Cala Millor - Son Servera (1.1),176.5,,,2009
18.10,DNF,,Giro di Lombardia (1.PT),242,,,2008
12.10,20,,Gran Premio Bruno Beghelli (1.1),185.8,1,,2008
11.10,DNF,,Giro dell'Emilia (1.HC),198.8,,,2008
09.10,10,,Coppa Sabatini (1.1),199,14,,2008
14.09 » 20.09,,,Tour de Pologne (2.PT),,,,2008
,89,,General classification,,5,,2008
20.09,82,,Stage 6 - Rabki › Krakow,95.4,,,2008
19.09,72,,Stage 5 - Krynica Gorska › Zakopane,118,,,2008
18.09,118,,Stage 4 - Naleczow › Rzeszow,239.7,,,2008
16.09,133,,Stage 3 - Mikolajki › Bialystok,184.8,,,2008
15.09,104,,Stage 2 - Plock › Olsztyn,231.2,,,2008
29.08 » 06.09,,,Deutschland Tour (PT),,,,2008
,72,,General classification,,5,,2008
06.09,12,,Stage 9 (ITT) - Bremen › Bremen,34,,,2008
05.09,81,,Stage 8 - Neuss  › Georgsmarienhütte,214.3,,,2008
04.09,126,,Stage 7 - Bad Fredeburg › Neuss,188.8,,,2008
03.09,84,,Stage 6 - Mainz › Winterberg,218.4,,,2008
02.09,117,,Stage 5 - Wiesloch › Mainz,174,,,2008
01.09,140,,Stage 4 - Herrieden › Wiesloch,214.9,,,2008
31.08,8,,Stage 3 - München › Region Hesselberg,182.6,3,,2008
30.08,46,,Stage 2 - Kitzbühel › Hochfügen,178,,,2008
29.08,31,,Prologue - Kitzbühel › Kitzbühel,3.6,,,2008
20.08 » 24.08,,,Rothaus Regio-Tour International (2.1),,,,2008
,6,,General classification,,24,,2008
24.08,7,,Stage 5 - Teningen › Vogtsburg,166.7,2,,2008
23.08,8,,Stage 4 (ITT) - Gundelfingen › Gundelfingen,14.2,1,,2008
22.08,24,,Stage 3 - Schopfheim Wehr  › Wehr,174.1,,,2008
21.08,7,,Stage 2 - Lutterbach › Soultz,181,2,,2008
20.08,7,,Stage 1 - Schliengen › Bad Bellingen,155.5,2,,2008
23.07 » 27.07,,,Sachsen-Tour International (2.1),,,,2008
,8,,General classification,,18,,2008
27.07,23,,Stage 5 - Dresden › Dresden,146,,,2008
26.07,9,,Stage 4 (ITT) - Großenhain › Großenhain,36,,,2008
25.07,14,,Stage 3 - Eilenburg › Freital,188,,,2008
24.07,5,,Stage 2 - Görlitz › Frohburg,242,4,,2008
23.07,99,,Stage 1 - Dresden › Niesky,188,,,2008
29.06,11,,National Championships Germany - Road Race (NC),210.1,,,2008
17.06 » 21.06,,,Ster Elektrotoer (2.1),,,,2008
,6,,General classification,,24,,2008
21.06,63,,Stage 5 - Sittard-Geleen › Gemert,150,,,2008
20.06,30,,Stage 4 - Nuth › Nuth,170,,,2008
19.06,5,,Stage 3 - Verviers › La Gileppe,192,4,,2008
18.06,2,,Stage 2 - Schijndel › Valkenburg,177,12,,2008
17.06,11,,Prologue - Schijndel › Schijndel,6,,,2008
11.06,106,,Dutch Food Valley Classic (1.HC),208.5,,,2008
10.05 » 01.06,,,Giro d'Italia (2.HC),,,,2008
,13,,Youth classification,,,,2008
,51,,Points classification,,,,2008
,78,,General classification,,20,,2008
01.06,23,,Stage 21 (ITT) - Cesano Maderno › Milano,28,,,2008
31.05,102,79,Stage 20 - Rovetta › Tirano,232,,,2008
30.05,49,77,Stage 19 - Legnano › Monte Pora,228,,,2008
29.05,72,86,Stage 18 - Mendrisio › Varese ,147,,,2008
28.05,117,88,Stage 17 - Sondrio › Locarno,146,,,2008
26.05,79,89,Stage 16 (ITT) - San Vigilio di Marebbe › Plan de Corones,12.9,,,2008
25.05,109,88,Stage 15 - Arabba › Passo Fedaia,153,,,2008
24.05,82,86,Stage 14 - Verona › Alpe di Pampeago - Val di Fiemme,195,,,2008
23.05,142,84,Stage 13 - Modena › Cittadella,177,,,2008
22.05,122,84,Stage 12 - Forli › Carpi,169,,,2008
21.05,51,84,Stage 11 - Urbania › Cesena,199,,,2008
20.05,55,98,Stage 10 (ITT) - Pesaro › Urbino,39,,,2008
18.05,131,102,Stage 9 - Civitavecchia › San Vincenzo,218,,,2008
17.05,84,104,Stage 8 - Rivisondoli › Tivoli,208,,,2008
16.05,128,111,Stage 7 - Vasto › Pescocostanzo,180,,,2008
15.05,4,96,Stage 6 - Potenza › Peschici,232,25,,2008
14.05,82,140,Stage 5 - Belvedere Marittimo › Contursi Terme,203,,,2008
13.05,127,167,Stage 4 - Pizzo Calabro › Catanzaro-Lungomare,183,,,2008
12.05,182,186,Stage 3 - Catania › Milazzo,221,,,2008
11.05,151,158,Stage 2 - Cefalù › Agrigento,207,,,2008
10.05,16,116,Stage 1 (TTT) - Palermo › Palermo,23,,,2008
01.05,11,,Rund um den Henninger-Turm (1.HC),179,20,,2008
23.04,87,,La Flèche Wallonne (1.HC),200,5,,2008
20.04,DNF,,Amstel Gold Race (PT),257.4,,,2008
07.04 » 12.04,,,Vuelta Ciclista al Pais Vasco (2.UWT),,,,2008
,9,,Mountains classification,,,,2008
,94,,General classification,,5,,2008
12.04,49,,Stage 6 (ITT) - Orio › Orio,20,,,2008
11.04,105,100,Stage 5 - Vitoria › Orio,162,,,2008
10.04,129,116,Stage 4 - Viana › Gasteiz,171,,,2008
09.04,128,102,Stage 3 - Erandio › Viana,195,,,2008
08.04,26,65,Stage 2 - Legazpi › Erandio,153,,,2008
07.04,69,69,Stage 1 - Legazpi › Legazpi,137,,,2008
29.03 » 30.03,,,Critérium International (2.HC),,,,2008
,28,,General classification,,,,2008
30.03,44,,Stage 3 (ITT) - Charleville-Mézières - Charleville-Mézières › ,8,,,2008
30.03,56,,Stage 2 - Les Vieilles Forges (Les Mazures) - Monthermé  › ,99,,,2008
29.03,23,,Stage 1 -  Signy-le-Petit - Charleville-Mézières › ,193,,,2008
22.03,114,,Milano-Sanremo (1.HC),298,5,,2008
12.03 » 18.03,,,Tirreno-Adriatico (WT),,,,2008
,109,,General classification,,5,,2008
18.03,122,,Stage 7 - San Benedetto del Tronto › San Benedetto del Tronto,176,,,2008
17.03,55,,Stage 6 - Civitanova Marche › Castelfidardo,196,,,2008
16.03,35,,Stage 5 (ITT) - Macerata › Recanati,26,,,2008
15.03,70,,Stage 4 - Porto Recanati › Civitanova Marche,166,,,2008
14.03,80,,Stage 3 - Gubbio › Montelupone,195,,,2008
13.03,152,,Stage 2 - Civitavecchia – Gubbio › Civitavecchia,203,,,2008
12.03,128,,Stage 1 - Civitavecchia › Civitavecchia,160,,,2008
02.03,DNF,,Kuurne-Bruxelles-Kuurne (1.1),193,,,2008
01.03,104,,Omloop Het Volk ME (1.HC),199,,,2008
17.02 » 24.02,,,Tour of California (2.HC),,,,2008
24.02,DNS,,Stage 7 - Santa Clarita › Pasadena,150,,,2008
23.02,83,,Stage 6 - Santa Barbara › Santa Clarita,175,,,2008
22.02,36,,Stage 5 (ITT) - Solvang › Solvang,24,,,2008
21.02,77,,Stage 4 - Seaside › San Luis Obispo,217,,,2008
20.02,57,,Stage 3 - Modesto › San José,152.2,,,2008
19.02,83,,Stage 2 - Santa Rosa › Sacramento,187.2,,,2008
18.02,104,,Stage 1 - Sausalito › Santa Rosa,156,,,2008
17.02,58,,Prologue - Palo Alto › Palo Alto,3.4,,,2008
03.10,16,,Sparkassen Münsterland Giro (1.1),209.3,5,,2007
19.09 » 23.09,,,3-Länder Tour (2.1),,,,2007
,20,,General classification,,1,,2007
22.09,7,,Stage 4 (ITT) - Tübingen › Tübingen,23.6,2,,2007
21.09,19,,Stage 3 - Lollar › Frankfurt am Main,163.1,,,2007
19.09,18,,Stage 1 - Gera › Gotha,187.3,,,2007
15.09,27,,Paris-Bruxelles (1.HC),219.1,,,2007
05.09,58,,Memorial Rik Van Steenbergen (1.1),200,,,2007
22.08 » 29.08,,,Eneco Tour (2.UWT),,,,2007
,9,,General classification,,80,,2007
29.08,14,,Stage 7 (ITT) - Sittard-Geleen › Sittard-Geleen,29.6,,,2007
28.08,33,,Stage 6 - Beek › Landgraaf,177.4,,,2007
27.08,97,,Stage 5 - Terneuzen › Nieuwegein,179.9,,,2007
26.08,57,,Stage 4 - Maldegem › Terneuzen,182.7,,,2007
25.08,62,,Stage 3 - Knokke-Heist › Putte,170.8,,,2007
24.08,71,,Stage 2 - Antwerp › Knokke-Heist,199.1,,,2007
23.08,9,,Stage 1 - Waremme › Eupen,189.5,2,,2007
22.08,41,41,Prologue - Hasselt › Hasselt,5.2,,,2007
08.08 » 16.08,,,Tour of Germany (PT),,,,2007
,14,,Youth classification,,,,2007
,18,,Mountains classification,,,,2007
,26,,Points classification,,,,2007
,43,,General classification,,5,,2007
16.08,124,,Stage 9 - Einbeck › Hannover,143.1,,,2007
15.08,20,,Stage 8 (ITT) - Fürth › Fürth,33.1,,,2007
14.08,137,,Stage 7 - Kufstein › Regensburg,192.2,,,2007
13.08,143,,Stage 6 - Längenfeld › Kufstein,175,,,2007
12.08,54,,Stage 5 - Sonthofen › Sölden,157.6,,,2007
11.08,52,,Stage 4 - Singen › Sonthofen,183.8,,,2007
10.08,52,,Stage 3 - Pforzheim › Offenburg,181.8,,,2007
09.08,118,,Stage 2 (TTT) - Bretten › Bretten,42.2,,,2007
08.08,140,,Stage 1 - Saarbrücken › Saarbrücken,183.7,,,2007
04.08,3,,Rund um die Hainleite (1.1),182.1,40,,2007
26.07 » 29.07,,,Brixia Tour (2.1),,,,2007
,19,,General classification,,2,,2007
29.07,50,,Stage 4 - Pisogne › Darfo Boario Terme,184.5,,,2007
28.07,18,,Stage 3 - S. Vigilio di Concesio › Passo Maniva,156.5,,,2007
27.07,123,,Stage 2a - Esine Plemo › Breno,81.5,,,2007
27.07,29,,Stage 2b - Pian Camuno › Borno,98.4,,,2007
26.07,50,,Stage 1 - Brescia › Toscolano Maderno,157.4,,,2007
04.07,DNF,,GP Gerrie Kneteman (1.1),145.2,,,2007
19.06 » 23.06,,,Ster Elektrotoer (2.1),,,,2007
,2,,General classification,,70,,2007
23.06,40,,Stage 5 - Sittard-Geleen › Eindhoven,149,,,2007
22.06,9,,Stage 4 - Verviers › La Gileppe,192,,,2007
21.06,1,,Stage 3 - Aachen › Valkenburg,194,20,,2007
20.06,66,,Stage 2 - Schijndel › Nuth,166,,,2007
19.06,23,,Prologue - Schijndel › Schijndel,8,,,2007
13.06,13,,Dutch Food Valley Classic (1.HC),209,16,,2007
06.06 » 10.06,,,Skoda-Tour de Luxembourg (2.HC),,,,2007
,2,,Youth classification,,,,2007
,4,,General classification,,80,,2007
10.06,3,,Stage 4 - Mersch › Luxembourg,149.5,12,,2007
09.06,3,9,Stage 3 - Wiltz › Diekirch,173.8,12,,2007
08.06,7,12,Stage 2 - Schifflange › Differdange,193.1,2,,2007
07.06,46,29,Stage 1 - Luxembourg › Mondorf,166.8,,,2007
06.06,30,30,Prologue - Luxembourg › Luxembourg,2.6,,,2007
16.05 » 20.05,,,International Rheinland-Pfalz Rundfahrt (2.1),,,,2007
,5,,General classification,,28,,2007
20.05,19,,Stage 5 - Bad Neuenahr-Ahrweiler  › Koblenz ,169,,,2007
19.05,2,,Stage 4 - Mainz  › Bad Marienberg,188,12,,2007
08.05 » 13.05,,,4 Jours de Dunkerque - Tour du Nord-Pas-de-Calais (2.HC),,,,2007
,17,,Youth classification,,,,2007
,40,,General classification,,,,2007
13.05,54,,Stage 6 - Steenvoorde › Dunkerque,173,,,2007
12.05,41,41,Stage 5 - La Bassée › Cassel,175.7,,,2007
11.05,134,39,Stage 4 - Arras › Arras,199,,,2007
10.05,21,21,Stage 3 - Saint-Amand les Eaux › Caudry,184.9,,,2007
09.05,28,21,Stage 2 - Dunkerque › Saint-Amand les Eaux,190.8,,,2007
08.05,52,52,Stage 1 (ITT) - Dunkerque › Dunkerque,9,,,2007
01.05,27,,Rund um den Henninger Turm (1.HC),200,,,2007
22.04,42,,Amstel Gold Race (PT),253.1,5,,2007
10.04 » 14.04,,,Circuit de la Sarthe (2.1),,,,2007
,7,,Mountains classification,,,,2007
,28,,Points classification,,,,2007
,19,,General classification,,2,,2007
14.04,10,,Stage 4 - Mamers › Le Mans,180.8,,,2007
13.04,22,20,Stage 3 - Angers › Mamers,180.6,,,2007
11.04,73,,Stage 2a - Riaillé › Angers,99.8,,,2007
11.04,26,25,Stage 2b (ITT) - Angers › Angers,8.8,,,2007
10.04,24,29,Stage 1 - La Roche-sur-Yon › Riaillé,190.9,,,2007
07.04,31,,Hel van het Mergelland (1.1),187.5,,,2007
31.03 » 01.04,,,Critérium International (2.HC),,,,2007
,44,,General classification,,,,2007
01.04,30,,Stage 3 (ITT) - Charleville-Mézières › Charleville-Mézières,8,,,2007
01.04,64,,Stage 2 - Les Vieilles Forges (Les Mazures) › Month,98,,,2007
31.03,62,,Stage 1 - Asfeld › Charleville-Mézières,179,,,2007
21.03,DNF,,Nokere-Koerse (1.1),197,,,2007
03.03,DNF,,Omloop Het Volk ME (1.HC),200,,,2007
18.02 » 22.02,,,Vuelta a Andalucia Ruta ciclista del Sol (2.1),,,,2007
,21,,General classification,,,,2007
22.02,16,,Stage 5 - Écija › Antequera,171,,,2007
21.02,92,,Stage 4 - Cabra › Córdoba,179,,,2007
20.02,25,,Stage 3 - La Guardia de Jaén › ,171,,,2007
19.02,6,,Stage 2 - Vegas del Genil › ,157,3,,2007
18.02,13,,Stage 1 - Otura › La Zubia,147,,,2007
08.10,DNF,,Paris - Tours (PT),254.5,,,2006
03.10,1,,Sparkassen Münsterland Giro (1.2),203,15,,2006
26.09,DNF,,Omloop van de Vlaamse Scheldeboorden - Bazel - Kruibeke (1.1),203,,,2006
23.09,91,,Delta Ronde van Midden-Zeeland (1.1),192,,,2006
09.09,93,,Paris-Bruxelles (1.HC),219,,,2006
06.09,51,,Memorial Rik Van Steenbergen (1.1),200,,,2006
02.09,15,,Tour de Rijke (1.1),200.9,6,,2006
16.08 » 23.08,,,Eneco Tour of Benelux (2.UWT),,,,2006
,15,,Youth classification,,,,2006
,16,,Points classification,,,,2006
,51,,General classification,,5,,2006
23.08,56,,Stage 7 - Ans › Ans,201.2,,,2006
22.08,81,,Stage 6 - Bornem › Sint-Truiden,213.9,,,2006
21.08,104,,Stage 5 - Hasselt › Balen,183.1,,,2006
20.08,46,,Stage 4 (ITT) - Landgraaf › Landgraaf,16.1,,,2006
19.08,66,,Stage 3 - Beek › Westmalle,185,,,2006
18.08,94,,Stage 2 - 's-Hertogenbosch › Sittard-Geleen,194.6,,,2006
17.08,84,,Stage 1 - Wieringerwerf › Hoogeveen,176.9,,,2006
16.08,41,,Prologue - Den Helder › Den Helder,5.8,,,2006
02.08 » 06.08,,,Post Danmark Rundt (2.HC),,,,2006
,38,,General classification,,,,2006
06.08,53,,Stage 6 - Gilleleje › Frederiksberg,155,,,2006
05.08,23,,Stage 5 (ITT) - Helsingør  › Helsingør ,14,,,2006
05.08,63,,Stage 4 - Sorø › Hillerød,100,,,2006
04.08,93,,Stage 3 - Kolding › Odense,205,,,2006
03.08,27,,Stage 2 - Aalestrup › Vejle,185,,,2006
02.08,34,,Stage 1 - Frederikshavn › Viborg,215,,,2006
30.07,55,,Vattenfall Cyclassics (WT),243.2,5,,2006
03.07 » 09.07,,,Hervis Tour - Tour of Austria (2.1),,,,2006
,26,,Points classification,,,,2006
,71,,General classification,,,,2006
09.07,76,71,Stage 7 - Podersdorf am See › Wien-Rathausplatz,129,,,2006
08.07,6,75,Stage 6 (ITT) - Podersdorf am See › Podersdorf am See,31,3,,2006
07.07,85,80,Stage 5 - Wolfsberg › Graz,170,,,2006
06.07,117,83,Stage 4 - Kitzbühel › Prägraten,182,,,2006
05.07,51,51,Stage 3 - Salzburg › Kitzbüheler Horn,196,,,2006
04.07,108,61,Stage 2 - Linz › Salzburg,188,,,2006
03.07,20,22,Stage 1 - Gars-Kamp › Gars-Kamp,146,,,2006
25.06,20,,National Championships Germany - Road Race (NC),206.5,,,2006
31.05 » 04.06,,,Skoda-Tour de Luxembourg (2.HC),,,,2006
,7,,Youth classification,,,,2006
,3,,Mountains classification,,,,2006
,7,,Points classification,,,,2006
,18,,General classification,,12,,2006
04.06,28,,Stage 4 - Mersch › Luxembourg,149,,,2006
03.06,45,17,Stage 3 - Wiltz › Diekirch,175.1,,,2006
02.06,1,4,Stage 2 - Schifflange › Differdange,183.2,30,20,2006
01.06,29,36,Stage 1 - Luxembourg › Mondorf,168.6,,,2006
31.05,79,79,Prologue - Luxembourg › Luxembourg,2.6,,,2006
24.05 » 28.05,,,Tour of Belgium (2.1),,,,2006
,70,,General classification,,,,2006
28.05,72,,Stage 5 - Hoei › Putte,182.7,,,2006
27.05,98,,Stage 4 - Londerzeel › Hoei,203.6,,,2006
26.05,29,,Stage 3b - Buggenhout › Londerzeel,111.7,,,2006
26.05,37,,Stage 3a (ITT) - Buggenhout › Buggenhout,15.9,,,2006
25.05,64,,Stage 2 - Oostende › Knokke Heist,180.5,,,2006
24.05,58,,Stage 1 - Oostende › Oostende,180.9,,,2006
12.05 » 14.05,,,Tour de Picardie (2.1),,,,2006
,95,,General classification,,,,2006
14.05,4,,Stage 4 - Villers-Saint-Paul › Creil,88,5,,2006
14.05,68,,Stage 3 - Saint-Gobain › Nogent-sur-Oise,99,,,2006
13.05,108,,Stage 2 - Nesle › Marle,187,,,2006
12.05,17,,Stage 1 - Creil › Péronne,187,,,2006
01.05,DNF,,Rund um den Henninger Turm (1.HC),190,,,2006
26.04 » 30.04,,,International Rheinland-Pfalz Rundfahrt (2.1),,,,2006
,23,,General classification,,,,2006
30.04,10,,Stage 5 - Koblenz › Kaiserslautern,148.4,,,2006
29.04,18,23,Stage 4 - Bitburg › Koblenz,195.4,,,2006
28.04,4,24,Stage 3 - Bad Neuenahr-Ahrweiler › Bad Marienberg,143.6,5,,2006
27.04,26,33,Stage 2 - Worms › Bad Neuenahr-Ahrweiler,187,,,2006
26.04,75,77,Stage 1 - Kaiserslautern › Worms,130,,,2006
16.04,DNF,,Amstel Gold Race (PT),253.1,,,2006
09.04,99,,Paris - Roubaix (1.PT),259,5,,2006
05.04,68,,Gent - Wevelgem (PT),210,5,,2006
02.04,DNF,,Ronde van Vlaanderen / Tour des Flandres ME (PT),259,,,2006
26.03,19,,De Brabantse Pijl - La Flèche Brabançonne (1.1),190,2,,2006
22.03,DNF,,Dwars door Vlaanderen (1.1),204,,,2006
15.03,74,,Nokere-Koerse (1.1),193.7,,,2006
26.02,DNF,,Kuurne-Bruxelles-Kuurne (1.1),194,,,2006
25.02,79,,Omloop Het Volk (1.HC),202,,,2006
08.02 » 12.02,,,Tour Méditerranéen (2.1),,,,2006
,29,,Youth classification,,,,2006
,83,,General classification,,,,2006
12.02,90,,Stage 6 - San Remo › San Remo,111,,,2006
12.02,88,75,Stage 5 - La Londe-les-Maures › Hyères,122,,,2006
10.02,92,76,Stage 4 - Saint-Laurent-du-Var › Menton,91,,,2006
09.02,47,47,Stage 2 - Berre-l'Etang › Mont Faron,112,,,2006
08.02,70,71,Stage 1 - Marseille › Marignane,170,,,2006
30.01 » 03.02,,,Tour of Qatar (2.1),,,,2006
,32,,Youth classification,,,,2006
,85,,General classification,,,,2006
03.02,90,,Stage 5 - Al Thakhira › Doha Corniche,152,,,2006
02.02,111,86,Stage 4 - Al Zubarah › Qatar Olympic Committee,144,,,2006
01.02,35,84,Stage 3 - Sealine Beach Resort › Khalifa Stadium,160,,,2006
31.01,105,111,Stage 2 - Camel Race Track › Al Khor Corniche,138,,,2006
30.01,93,93,Stage 1 - Khalifa Stadium › Al Khor Corniche,132,,,2006
27.01,126,,Doha International GP (1.1),108,,,2006
21.09,17,,World Championships U23 - ITT (WC),37.9,,,2005
01.09 » 10.09,,,Tour de l'Avenir (2.1),,,,2005
,60,,General classification,,,,2005
10.09,50,,Stage 10 - Blaye-les-Mines  › Blaye-les-Mines ,146,,,2005
09.09,85,,Stage 9 - Maurs  › Carmaux ,146,,,2005
08.09,86,,Stage 8 - Aurillac  › Aurillac ,159,,,2005
07.09,101,,Stage 7 - Guéret  › Mauriac ,148,,,2005
06.09,57,,Stage 6 - Chauvigny  › Guéret ,144,,,2005
05.09,12,,Stage 5 (ITT) - Leignes-sur-Fontaine  › Montmorillon ,22,,,2005
04.09,34,,Stage 4 - Sassay  › Chauvigny ,151,,,2005
03.09,51,,Stage 3 - Sainte-Scolasse-sur-Sarthe  › Sassay ,203,,,2005
02.09,91,,Stage 2 - Argentré-du-Plessis › Sainte-Scolasse-sur-Sarthe ,173,,,2005
01.09,116,,Stage 1 - Argentré-du-Plessis › Argentré-du-Plessis,141,,,2005
10.08 » 14.08,,,Rothaus Regio-Tour International (2.1),,,,2005
,69,,General classification,,,,2005
14.08,72,,Stage 5 - Bahlingen › Vogtsburg,168.8,,,2005
13.08,67,,Stage 4 (ITT) - Waldkirch › Kandel,12.3,,,2005
12.08,44,,Stage 3 - Herbolzheim › Lahr,184.1,,,2005
11.08,61,,Stage 2 - Wehr › Müllheim,170.8,,,2005
10.08,100,,Stage 1 - Heitersheim › Guebwiller ,192.3,,,2005
26.06,13,,National Championships Germany - Road Race (NC),204,,,2005
24.06,1,,National Championships Germany U23 - ITT (NC),30,,,2005
05.05,9,,GP Buchholz (NE),112,,,2005
25.04 » 01.05,,,Giro delle Regioni (2.2),,,,2005
27.04,DNF,,Stage 2 - Napoli Mergellina › Pompei,107.3,,,2005
26.04,17,,Stage 1 - Sperlonga › Sperlonga,137.9,,,2005
25.04,15,,Gran Premio della Liberazione (1.2),138,,,2005
08.04 » 11.04,,,Circuit des Ardennes International (2.2),,,,2005
,21,,Points classification,,,,2005
,40,,General classification,,,,2005
11.04,17,,Stage 4 - Charleville › Charleville,96,,,2005
11.04,24,,Rund um Düren (1.2),159,,,2005
10.04,39,40,Stage 3 (ITT) - Aiglemont › Aiglemont,9.5,,,2005
09.04,72,31,Stage 2 - Mouzon › Pavillon du Sanglier,167,,,2005
08.04,5,5,Stage 1 - Montherme › Bogny-sur-Meuse,168,,,2005
21.03 » 28.03,,,Tour de Normandie (2.2),,,,2005
,36,,General classification,,,,2005
28.03,27,,Stage 7 - Bagnoles de L'orne › Caen,142,,,2005
27.03,35,,Stage 6 - Ducey › Bagnoles de L'orne,173,,,2005
26.03,41,,Stage 5 - Domfront › Avranches,80,,,2005
25.03,30,,Stage 4 - Flers › Domfront,74,,,2005
24.03,29,,Stage 3 - Elbeuf › Flers,201,,,2005
23.03,70,,Stage 2 - Forges-Les-eaux › Elbeuf,147,,,2005
22.03,48,,Stage 1 - Mondeville › Forges-Les-eaux,208,,,2005
21.03,105,,Prologue - Mondeville › Mondeville,5.6,,,2005
01.10,26,,World Championships U23 - Road Race (WC),177,,,2004
27.09,13,,World Championships U23 - ITT (WC),36.75,,,2004
02.09 » 11.09,,,Tour de l'Avenir (2.5),,,,2004
,36,,General classification,,,,2004
11.09,32,,Stage 10 - Le Grand-Bornand  › Le Grand-Bornand ,141,,,2004
10.09,33,41,Stage 9 - Morteau  › Bellegarde-sur-Valserine ,174,,,2004
09.09,70,58,Stage 8 - Gérardmer  › Morteau ,199,,,2004
08.09,65,27,Stage 7 - Metz  › Rambervillers ,146,,,2004
07.09,64,28,Stage 6 - Yutz Haute  › Metz,142,,,2004
06.09,84,34,Stage 5 - Stenay  › Yutz Haute ,141,,,2004
05.09,29,38,Stage 4 - Fontaine-au-Pire  › Mouzon,203,,,2004
04.09,60,40,Stage 3 - Mers-les-Bains  › Fontaine-au-Pire ,206,,,2004
03.09,87,52,Stage 2 - Cayeux-sur-Mer  › Fort-Mahon-Plage ,153,,,2004
02.09,54,54,Stage 1 (ITT) - Fort-Mahon-Plage  › Fort-Mahon-Plage ,12.2,,,2004
06.08,13,,European Championships U23 - ITT (CC),30.5,,,2004
17.06 » 19.06,,,Mainfranken Tour (2.7.2),,,,2004
,28,,General classification,,,,2004
19.06,45,,Stage 2 - Bad Brückenau › Schweinfurt,170,,,2004
18.06,26,29,Stage 1 - Schweinfurt › Bad Brückenau,150,,,2004
17.06,43,43,Prologue - Schweinfurt › Schweinfurt,3,,,2004
13.06,2,,National Championships Germany U23 - ITT (NC),38,,,2004
29.05,87,,Rund um die Hainleite (1.3),183.8,,,2004
03.05 » 09.05,,,Thüringen-Rundfahrt (2.7.1),,,,2004
08.05,DNF,,Stage 5 - Schleusingen › Oberweißbach,152.7,,,2004
07.05,30,40,Stage 4 (ITT) - Schleusingen › Schleusingen,17,,,2004
06.05,84,42,Stage 3 - Nordhausen › Bad Berka,169.4,,,2004
05.05,25,31,Stage 2 - Mühlhausen › Nordhausen,154.3,,,2004
04.05,40,35,Stage 1 - Arnstadt › Mühlhausen,168,,,2004
03.05,41,41,Prologue - Arnstadt › Arnstadt,3,,,2004
12.04,93,,Rund um Köln (1.2),201.2,,,2004
02.04 » 04.04,,,Le Triptyque des Monts et Châteaux (2.7.1),,,,2004
02.04,15,,Stage 1 - Mouscron › Grandglise,168.8,,,2004
06.06 » 09.06,,,Tour de Berlin (2.7.1),,,,2003
,49,,General classification,,,,2003
09.06,77,,Stage 5 - Berlin › Berlin,161.2,,,2003
07.06,87,30,Stage 3 - Rudow › Rudow,125,,,2003
07.06,14,11,Stage 2 (ITT) - Havelchaussee › Havelchaussee,22.6,,,2003
06.06,3,4,Stage 1 - Hellersdorf › Hellersdorf,150,1,,2003
05.05 » 11.05,,,Thüringen-Rundfahrt (2.7.1),,,,2003
,13,,Youth classification,,,,2003
,38,,General classification,,,,2003
11.05,18,,Stage 6 - Bad Berka › Sonnenberg,139.2,,,2003
10.05,71,42,Stage 5 - Saalfeld › Bad Berka,159.6,,,2003
09.05,28,19,Stage 4 - Heiligenstadt › Saalfeld,174.6,,,2003
07.05,17,16,Stage 2 - Bad Salzungen › Behringen,152.8,,,2003
06.05,21,16,Stage 1 - Sonnenberg › Bad Salzungen,137.4,,,2003
05.05,17,17,Prologue - Sonnenberg › Sonnenberg,3.4,,,2003
20.04,DNF,,Rund um Düren (1.5),185,,,2003
04.04 » 06.04,,,Le Triptyque des Monts et Châteaux (2.7.1),,,,2003
06.04,21,,Stage 3 - Beloeil › Frasnes-lez-Buissenal,166,,,2003
04.04,22,,Stage 1 - Ath › Stambruges,168,,,2003
13.03 » 16.03,,,Jadranska Magistrala (2.5),,,,2003
,63,,General classification,,,,2003
16.03,11,,Stage 3 - Porec › Porec,128,,,2003
15.03,65,81,Stage 2 - Porec › Ucka (Vojak),119,,,2003
14.03,106,107,Stage 1 - Porec › Porec,172,,,2003
13.03,125,125,Prologue - Lanterna › Lanterna,6,,,2003
14.03 » 17.03,,,Jadranska Magistrala (2.2),,,,2002
,56,,General classification,,,,2002
17.03,16,,Stage 3 - Porec › Porec,148,,,2002
16.03,53,,Stage 2 - Porec › Porec,158,,,2002
14.03,94,,Prologue - Porec › Porec,6,,,2002
