date,result ranking,general classification,race name,distance,PCS point,UCI point
05.10,DNF,,Il Lombardia (1.UWT),254,,
01.10,112,,Milano-Torino (1.HC),193.5,,
31.08,DNF,,GP Ouest France - Plouay (1.UWT),229.1,,
26.08 » 29.08,,,Tour du Poitou-Charentes (2.1),,,
29.08,DNF,,Stage 5 - Lezay › Poitiers,191.9,,
28.08,118,125,Stage 4 (ITT) - Availles › Jourdain,23.4,,
28.08,121,124,Stage 3 - Montmorillon › Jourdain,111,,
27.08,144,126,Stage 2 - Marans › Niort,183.6,,
26.08,71,71,Stage 1 - Jarnac › La Ronde,192.4,,
14.08 » 17.08,,,Arctic Race of Norway (2.1),,,
,91,,General classification,,,
17.08,59,,Stage 4 - Tromsø › Tromsø,165,,
16.08,95,106,Stage 3 - Alta › Kvænangsfjellet,132,,
15.08,109,112,Stage 2 - Honningsvåg › Alta,207,,
14.08,96,97,Stage 1 - Hammerfest › North Cape,204,,
28.05 » 01.06,,,Baloise Belgium Tour (2.HC),,,
,73,,General classification,,,
01.06,83,,Stage 5 - Oreye › Oreye,178.7,,
31.05,73,27,Stage 4 - Lac de l'Eau d'Heure › Lac de l'Eau d'Heure,184,,
30.05,31,30,Stage 3 (ITT) - Diksmuide › Diksmuide,16.7,,
29.05,118,105,Stage 2 - Lierde › Knokke-Heist,170.4,,
28.05,104,104,Stage 1 - Lochristi › Buggenhout,173.6,,
27.04,DNF,,Liège - Bastogne - Liège (1.UWT),262.9,,
23.04,42,,La Flèche Wallonne (1.UWT),199,5,
20.04,75,,Amstel Gold Race (1.UWT),251.4,5,
08.04 » 11.04,,,Circuit Cycliste Sarthe - Pays de la Loire (2.1),,,
,17,,Mountains classification,,,
,53,,General classification,,,
11.04,66,,Stage 5 - Abbaye de l'Epau › La Ferté-Bernard,184.8,,
10.04,52,61,Stage 4 - Angers › Pré en Pail,196.2,,
09.04,65,62,Stage 3 (ITT) - Angers › Angers,6.8,,
09.04,80,81,Stage 2 - Ancenis › Angers,88.3,,
08.04,73,75,Stage 1 - Saint-Jean-de-Monts › Saint Géréon,197.2,,
23.03,DNF,,Milano-Sanremo (1.UWT),294,,
12.03 » 18.03,,,Tirreno-Adriatico (2.UWT),,,
17.03,DNF,,Stage 6 - Bucchianico › Porto Sant'Elpidio,189,,
16.03,103,92,Stage 5 - Amatrice › Guardiagrele,192,,
15.03,81,72,Stage 4 - Indicatore (Arezzo) › Cittareale (Selva Rotonda),244,,
14.03,65,54,Stage 3 - Cascina › Arezzo,210,,
13.03,54,72,Stage 2 - San Vincenzo › Cascina,166,,
12.03,12,79,Stage 1 (TTT) - Donoratico › San Vincenzo,18.5,,
08.03,49,,Strade Bianche (1.1),197,,
18.02 » 23.02,,,Tour of Oman (2.HC),,,
,43,,Points classification,,,
,15,,General classification,,20,3
23.02,70,,Stage 6 - As Sifah › Matrah Corniche,146.5,,
22.02,18,15,Stage 5 - BidBid › Jabal Al Akhdhar (Green Mountain),147.5,,
21.02,9,13,Stage 4 - Wadi Al Abiyad › Ministry of Housing,173,,
20.02,59,44,Stage 3 - Bank Muscat › Al Bustan,145,,
19.02,54,58,Stage 2 - Al Bustan › Quriyat,139,,
18.02,66,70,Stage 1 - As Suwayq Castle › Naseem Garden,164.5,,
12.02,40,,Trofeo Platja de Muro (1.1),162,,
11.02,109,,Trofeo Serra de Tramuntana (1.1),152.9,,
10.02,119,,Trofeo Ses Salines (1.1),183,,
09.02,140,,Trofeo Palma (1.1),116,,
06.10,DNF,,Il Lombardia (WT),242,,
02.10,91,,Milano-Torino (1.HC),193.5,,
29.09,46,,World Championships - Road Race (WC),272.2,15,
15.09 » 22.09,,,Tour of Britain (2.1),,,
19.09,DNS,,Stage 5 - Machynlleth › Caerphilly,177.1,,
18.09,87,43,Stage 4 - Stoke-on-Trent › Llanberis,190.9,,
17.09,21,42,Stage 3 (ITT) - Knowsley › Knowsley,16,,
16.09,3,49,Stage 2 - Carlisle › Kendal,225,7,6
15.09,75,85,Stage 1 - Peebles › Drumlanrig Castle,201,,
01.09,27,,GP Ouest France - Plouay (WT),248.3,8,
27.08 » 30.08,,,Tour du Poitou Charentes (2.1),,,
,76,,General classification,,,
30.08,100,,Stage 5 - Ruelle sur Touvre › Poitiers,192.2,,
29.08,31,24,Stage 4 (ITT) - Charroux › Civray,22.8,,
29.08,26,38,Stage 3 - Charroux › Civray,109.4,,
28.08,50,51,Stage 2 - Saintes › Angoulême,182,,
27.08,50,52,Stage 1 - Saint Maixent l'Ecole › Saintes,197.9,,
20.08 » 23.08,,,Tour du Limousin (2.1),,,
,61,,General classification,,,
23.08,77,,Stage 4 - Bourganeuf › Limoges,178.8,,
22.08,67,64,Stage 3 - Ussac › Chamboulive,182.9,,
21.08,53,53,Stage 2 - Rochechouart › Ambazac,185.7,,
20.08,54,54,Stage 1 - Limoges › Rochechouart,168,,
31.07 » 04.08,,,Post Danmark Rundt - Tour of Denmark (2.HC),,,
,24,,General classification,,2,
04.08,71,,Stage 6 - Roskilde › Frederiksberg,165,,
03.08,23,22,Stage 5 (ITT) - Holbæk › Holbæk,12.1,,
03.08,35,24,Stage 4 - Høng › Asnæs,105,,
02.08,29,17,Stage 3 - Sønderborg › Vejle,200,,
01.08,23,24,Stage 2 - Ribe › Sønderborg,180,,
31.07,22,24,Stage 1 - Silkeborg › Varde,181.5,,
23.06,24,,National Championships Sweden - Road Race (NC),205.4,,
20.06,3,,National Championships Sweden - ITT (NC),43.2,2,2
08.06 » 16.06,,,Tour de Suisse (WT),,,
,33,,Mountains classification,,,
,42,,General classification,,5,
16.06,38,,Stage 9 (ITT) - Bad Ragaz › Flumserberg,26.8,,
15.06,59,45,Stage 8 - Zernez › Bad Ragaz,180.5,,
14.06,100,45,Stage 7 - Meilen › La Punt,206,,
13.06,62,26,Stage 6 - Leuggern › Meilen,187.9,,
12.06,80,26,Stage 5 - Buochs › Leuggern,178.4,,
11.06,116,27,Stage 4 - Meiringen/Brienz › Buochs,174.4,,
10.06,30,27,Stage 3 - Montreux › Meiringen,204.9,,
09.06,26,27,Stage 2 - Ulrichen › Crans-Montana,132.3,,
08.06,85,85,Stage 1 (ITT) - Quinto › Quinto,8.1,,
22.05 » 26.05,,,Bayern-Rundfahrt (2.HC),,,
,16,,General classification,,16,
26.05,52,,Stage 5 - Kelheim › Nürnberg,169.8,,
25.05,22,16,Stage 4 (ITT) - Schierling › Schierling,31.2,,
24.05,90,35,Stage 3 - Viechtach › Kelheim,196.8,,
23.05,34,34,Stage 2 - Mühldorf a. Inn › Viechtach,192.6,,
22.05,68,70,Stage 1 - Pfaffenhofen a.d.Ilm › Mühldorf a. Inn,193.1,,
02.04 » 05.04,,,Circuit Cycliste Sarthe - Pays de la Loire (2.1),,,
04.04,DNF,,Stage 4 - Angers › Pré-en-Pail,188.7,,
03.04,51,50,Stage 3 (ITT) - Angers › Angers,6.8,,
03.04,56,76,Stage 2 - Ligné › Angers,93.6,,
02.04,88,88,Stage 1 - Fontenay-le-Comte › Ligné,179.4,,
17.03,37,,Milano-Sanremo (WT),245,5,
03.03 » 10.03,,,Paris - Nice (2.UWT),,,
,44,,General classification,,5,
10.03,70,,Stage 7 (ITT) - Nice › Col d'Eze,9.6,,
09.03,59,43,Stage 6 - Manosque › Nice,220,,
08.03,81,49,Stage 5 - Châteauneuf-du-Pape › La Montagne de Lure,176,,
07.03,32,21,Stage 4 - Brioude › Saint-Vallier,199.5,,
06.03,21,25,Stage 3 - Châtel-Guyon › Brioude,170.5,,
05.03,46,75,Stage 2 - Vimory › Cérilly,200.5,,
04.03,40,80,Stage 1 - Saint-Germain-en-Laye › Nemours,195,,
03.03,105,105,Prologue - Houilles › Houilles,2.9,,
16.02 » 17.02,,,Tour Cycliste International du Haut Var Matin (2.1),,,
17.02,DNF,,Stage 2 - Draguignan › Draguignan,207,,
16.02,24,24,Stage 1 - Le Cannet des Maures › La Croix Valmer,152.5,,
06.02 » 10.02,,,Tour Méditerranéen Cycliste Professionnel (2.1),,,
,3,,Points classification,,,
,1,,General classification,,100,80
10.02,7,,Stage 5 - Bandol › Grasse,192,2,
09.02,6,3,Stage 4 - Rousset › Toulon (Mont Faron),145,3,2
07.02,4,4,Stage 2 (ITT) - Cap d'Agde › Sete (Mont Saint Clair),24,5,5
06.02,12,12,Stage 1 - Limoux › Gruissan,146.5,,
06.10,20,,Giro dell'Emilia (1.HC),200,6,
04.10,9,,Gran Premio Città di Peccioli - Coppa Sabatini (1.1),198.6,16,7
29.09,DNF,,Il Lombardia (WT),251,,
27.09,22,,Gran Piemonte (1.HC),188,4,
23.09,112,,World Championships - Road Race (WC),267.4,15,
09.09,DNF,,Grand Prix Cycliste de Montréal (WT),205.7,,
07.09,62,,Grand Prix Cycliste de Quebec (WT),201.6,5,
26.08,DNF,,GP Ouest France - Plouay (WT),248.3,,
09.06 » 17.06,,,Tour de Suisse (WT),,,
,50,,Points classification,,,
,17,,General classification,,32,
17.06,31,17,Stage 8 - Näfels-Lintharena › Sörenberg,215.8,,
16.06,15,11,Stage 7 - Bischofszell › Arosa,148.2,,
15.06,30,9,Stage 6 (ITT) - Gossau › Gossau,34.3,,
14.06,36,6,Stage 5 - Wittnau › Bischofszell,198.5,,
13.06,88,6,Stage 4 - Olten › Gansingen,192.7,,
12.06,34,6,Stage 3 - Aarberg › Trimbach,188.8,,
11.06,22,6,Stage 2 - Martigny › Aarberg,194.7,,
10.06,14,6,Stage 1 - Verbania › Verbier,218.3,,
09.06,11,11,Prologue - Lugano › Lugano,7.3,,
23.05 » 27.05,,,Bayern-Rundfahrt (2.HC),,,
,15,,General classification,,20,3
27.05,49,15,Stage 5 - Feuchtwangen  › Bamberg,164.9,,
26.05,18,16,Stage 4 (ITT) - Feuchtwangen › Feuchtwangen,26.4,,
25.05,33,23,Stage 3 - Kempten › Treuchtlingen,196.4,,
24.05,35,27,Stage 2 - Penzberg › Kempten ,195.4,,
23.05,33,40,Stage 1 - Traunstein  › Penzberg,215.7,,
22.04,36,,Liège - Bastogne - Liège (WT),257.5,5,
18.04,DNF,,La Flèche Wallonne (WT),194,,
15.04,40,,Amstel Gold Race (WT),256.5,5,
02.04 » 07.04,,,Vuelta Ciclista al Pais Vasco (2.UWT),,,
,46,,General classification,,5,
07.04,92,,Stage 6 (ITT) - Oñate › Oñate,18.9,,
06.04,69,46,Stage 5 - Vera de Bidasoa › Oñate,183,,
05.04,41,38,Stage 4 - Éibar › Alto de Ibardin,151,,
04.04,53,50,Stage 3 - Vitoria › Arrate,152,,
03.04,42,49,Stage 2 - Güeñes › Vitoria,165.7,,
02.04,77,77,Stage 1 - Güeñes › Güeñes,154,,
24.03 » 25.03,,,Critérium International (2.HC),,,
,8,,General classification,,50,10
25.03,16,8,Stage 3 - Porto-Vecchio › Col de l'Ospedale,179,,
25.03,11,8,Stage 2 (ITT) - Porto-Vecchio › Porto-Vecchio,6.5,,
24.03,33,34,Stage 1 - Porto-Vecchio › Porto-Vecchio,89.5,,
17.03,30,,Milano-Sanremo (WT),298,10,
07.03 » 13.03,,,Tirreno-Adriatico (WT),,,
09.03,45,14,Stage 3 - Indicatore › Terni,178,,
08.03,106,17,Stage 2 - San Vincenzo › Arezzo,230,,
07.03,4,21,Stage 1 (TTT) - San Vincenzo › Donoratico,16.9,8,
15.02 » 19.02,,,Volta ao Algarve (2.1),,,
,17,,Mountains classification,,,
,66,,General classification,,,
19.02,30,66,Stage 5 (ITT) - Lagoa › Portim,25.8,,
18.02,124,78,Stage 4 - Vilamoura › Tavira,186.3,,
17.02,77,77,Stage 3 - Castro Marim › Alto do Malh?o (Loul,194.6,,
16.02,72,58,Stage 2 - Faro › Lagoa,187.5,,
15.02,45,44,Stage 1 - Dunas Douradas (Loul › Albufeira,151,,
07.02,30,,Trofeo Deià (1.1),151,,
06.02,58,,Trofeo Migjorn (1.1),171.7,,
05.02,88,,Trofeo Palma de Mallorca (1.1),116,,
15.10,20,,Il Lombardia (WT),241,20,
13.10,10,,Gran Piemonte (1.HC),199,22,
09.10,DNF,,Gran Premio Bruno Beghelli (1.1),198.9,,
08.10,13,,Giro dell'Emilia (1.HC),200,16,
06.10,18,,Gran Premio Città di Peccioli - Coppa Sabatini (1.1),200.2,3,
25.09,39,,World Championships - Road Race (WC),266,15,
20.08 » 11.09,,,Vuelta a España (WT),,,
,52,,General classification,,20,
11.09,65,,Stage 21 - Circuito del Jarama › Madrid,94,,
10.09,50,52,Stage 20 - Bilbao › Vitoria,187,,
09.09,75,55,Stage 19 - Noja › Bilbao,157.9,,
08.09,50,55,Stage 18 - Solares › Noja,169.7,,
07.09,55,53,Stage 17 - Faustino V › Peña Cabarga,212.5,,
06.09,36,58,Stage 16 - Villa Romana La Olmeda (Palencia) › Haro,180,,
04.09,88,58,Stage 15 - Avilés › Anglirú,144,,
03.09,70,58,Stage 14 - Astorga › La Farrapona. Lagos De Somiedo,173.2,,
02.09,59,60,Stage 13 - Sarria › Ponferrada,150,,
01.09,141,71,Stage 12 - Ponteareas › Pontevedra,160,,
31.08,90,68,Stage 11 - Verín › Estación de Montaña Manzaneda,171,,
29.08,81,63,Stage 10 (ITT) - Salamanca › Salamanca,47,,
28.08,85,63,Stage 9 - Villacastín › Sierra de Béjar. La Covatilla,179.5,,
27.08,87,64,Stage 8 - Talavera de la Reina › San Lorenzo de El Escorial,183,,
26.08,48,62,Stage 7 - Almadén › Talavera de la Reina,185,,
25.08,65,62,Stage 6 - Úbeda › Córdoba,193.4,,
24.08,76,69,Stage 5 - Sierra Nevada › Valdepeñas de Jaén,187,,
23.08,70,64,Stage 4 - Baza › Sierra Nevada,170.2,,
22.08,87,72,Stage 3 - Petrer › Totana,164,,
21.08,37,74,Stage 2 - La Nucía › Playas de Orihuela,171.5,,
20.08,20,131,Stage 1 (TTT) - Benidorm › Benidorm,13.5,,
31.07 » 06.08,,,Tour de Pologne (WT),,,
,62,,General classification,,5,
06.08,106,,Stage 7 - Kraków › Kraków,128,,
05.08,52,,Stage 6 - Terma Bukovina › Terma Bukovina,207.7,,
04.08,90,,Stage 5 - Zakopane › Zakopane,201.5,,
03.08,96,,Stage 4 - Oswiecim › Cieszyn,176.9,,
02.08,96,,Stage 3 - Bedzin › Katowice,135.7,,
01.08,106,,Stage 2 - Czestochowa › Dabrowa Gornicza,159.6,,
31.07,107,,Stage 1 - Pruszkow › Varsovie,101.5,,
24.06,22,,National Championships Sweden - Road Race (NC),198,,
22.06,2,,National Championships Sweden - ITT (NC),50,7,
16.06 » 19.06,,,La Route du Sud Cycliste - La Dépêche du Midi (2.1),,,
,18,,General classification,,3,
19.06,64,,Stage 4 - Izaourt › Pau,143,,
18.06,40,,Stage 3 - Pierrefitte-Nestalas › Bagnères-de-Luchon,197,,
17.06,14,,Stage 2 - ST Gaudens › Cauterets,177,,
16.06,71,,Stage 1 - Castres › Samatan,203,,
07.05 » 29.05,,,Giro d'Italia (WT),,,
,81,,Points classification,,,
,20,,General classification,,70,
29.05,67,,Stage 21 (ITT) - Milano › Milano,26,,
28.05,47,21,Stage 20 - Verbania › Sestriere,242,,
27.05,34,20,Stage 19 - Bergamo › Macugnaga,209,,
26.05,73,22,Stage 18 - Morbegno › San Pellegrine Terme,151,,
25.05,50,22,Stage 17 - Feltre › Tirano,230,,
24.05,34,21,Stage 16 (ITT) - Belluno › Nevegal,12.7,,
22.05,34,20,Stage 15 - Conegliano › Gardeccia/Val di Fassa,229,,
21.05,35,21,Stage 14 - Lienz › Monte Zoncolan,172,,
20.05,28,22,Stage 13 - Spilimbergo › Großglockner,167,,
19.05,80,19,Stage 12 - Castefidardo › Ravenna,184,,
18.05,22,19,Stage 11 - Tortoreto Lido › Castefidardo,144,,
17.05,65,21,Stage 10 - Termoli › Teramo,159,,
15.05,31,21,Stage 9 - Messina › Etna,169,,
14.05,48,11,Stage 8 - Sapri › Tropea,217,,
13.05,22,11,Stage 7 - Maddaloni › Montevergine de Mercogliano,110,,
12.05,59,11,Stage 6 - Orvieto › Fiuggi,216,,
11.05,11,11,Stage 5 - Piombino › Orvieto,191,5,
09.05,49,32,Stage 3 - Reggio Emilia › Rapallo,173,,
08.05,46,52,Stage 2 - Alba › Parma,244,,
07.05,9,61,Stage 1 (TTT) - Venaria Reale › Torino,19.3,,
24.04,25,,Liège - Bastogne - Liège (WT),255.5,15,
20.04,83,,La Flèche Wallonne (WT),201,5,
04.04 » 09.04,,,Vuelta Ciclista al Pais Vasco (2.UWT),,,
,71,,General classification,,5,
09.04,41,,Stage 6 (ITT) - Zalla › Zalla,24,,
08.04,78,77,Stage 5 - Eibar › Zalla,179,,
07.04,85,76,Stage 4 - Amurrio › Eibar (Arrate),177,,
06.04,59,54,Stage 3 - Villatuerta › Murgia,177,,
05.04,92,73,Stage 2 - Zumarraga › Lekunberri,167,,
04.04,80,81,Stage 1 - Zumarraga › Zumarraga,149.5,,
19.03,86,,Milano-Sanremo (WT),298,5,
09.03 » 15.03,,,Tirreno-Adriatico (WT),,,
,10,,General classification,,70,4
15.03,33,,Stage 7 (ITT) - San Benedetto › San Benedetto,9.3,,
14.03,14,,Stage 6 - Uscita › Macerata,178,,
13.03,9,,Stage 5 - Chieti › Castelraimondo,240,2,
12.03,9,,Stage 4 - Narni › Chieti,240,2,
11.03,53,,Stage 3 - Terranuova Bracciolini › Perugia,189,,
10.03,38,,Stage 2 - Carrara › Indicatore,202,,
09.03,9,,Stage 1 (TTT) - Marina di Carrara › Marina di Carrara,16.8,2,
20.02 » 24.02,,,Vuelta a Andalucia Ruta ciclista del Sol (2.1),,,
,6,,General classification,,24,16
24.02,33,,Stage 5 - CoÌrdoba › Antequera,162.7,,
23.02,51,,Stage 4 - La Guardia de Jaén › Córdoba,174,,
22.02,61,,Stage 3 - Otura › Jaén,175.3,,
21.02,36,,Stage 2 - Almuñecar › Adra,161.3,,
20.02,8,,Prologue - Benahavís › Benahavís,6.8,1,
28.08 » 19.09,,,Vuelta a España (HIS),,,
04.09,DNS,,Stage 8 - Villena › Xorret del Catí,188.8,,
03.09,164,100,Stage 7 - Murcia › Orihuela,187.1,,
02.09,125,100,Stage 6 - Caravaca de Cruz › Murcia,144,,
01.09,74,90,Stage 5 - Guadix › Lorca,194,,
31.08,183,91,Stage 4 - Málaga › Valdepeñas de Jaén,177,,
30.08,38,54,Stage 3 - Marbella › Málaga,156,,
29.08,48,159,Stage 2 - Alcalá de Guadaíra › Marbella,173,,
28.08,14,175,Stage 1 (TTT) - Sevilla › Sevilla,13,,
17.08 » 20.08,,,Tour Du Limousin (2.1),,,
,6,,General classification,,60,
20.08,44,,Stage 4 - Ambazac › Limoges,180.8,,
19.08,25,,Stage 3 - Uzerche › Mansac,191.5,,
18.08,9,,Stage 2 (ITT) - St Amand Montrond › St Amand Montrond,45.1,,
17.08,31,,Stage 1 - Limoges › Boussac,193.1,,
03.07 » 25.07,,,Tour de France (2.HC),,,
,77,,Points classification,,,
,16,,General classification,,140,
25.07,51,,Stage 20 - Longjumeau  › Paris,102.5,,
24.07,94,17,Stage 19 (ITT) - Bordeaux › Pauillac,52,,
23.07,37,18,Stage 18 - Salies-de-Béarn › Bordeaux,198,,
22.07,30,18,Stage 17 - Pau › Col du Tourmalet,174,,
20.07,44,17,Stage 16 - Bagnères-de-Luchon › Pau,199.5,,
19.07,33,16,Stage 15 - Pamiers › Bagnères-de-Luchon,187.5,,
18.07,17,16,Stage 14 - Revel › Ax-3 Domaines,184.5,,
17.07,43,19,Stage 13 - Rodez › Revel,196,,
16.07,19,19,Stage 12 - Bourg-de-Péage  › Mende,210.5,,
15.07,39,19,Stage 11 - Sisteron › Bourg-lès-Valence,184.5,,
14.07,61,19,Stage 10 - Chambéry › Gap,179,,
13.07,32,19,Stage 9 - Morzine-Avoriaz › Saint-Jean-de-Maurienne,204.5,,
11.07,16,18,Stage 8 - Station des Rousses › Morzine-Avoriaz,189,,
10.07,29,15,Stage 7 - Tournus › Station des Rousses,165.5,,
09.07,74,20,Stage 6 - Montargis › Gueugnon,227.5,,
08.07,52,19,Stage 5 - Épernay › Montargis,187.5,,
07.07,18,19,Stage 4 - Cambrai › Reims,153.5,,
06.07,18,19,Stage 3 - Wanze › Arenberg Porte du Hainaut,213,,
05.07,39,29,Stage 2 - Brussel › Spa,201,,
04.07,46,39,Stage 1 - Rotterdam › Brussel,223.5,,
03.07,38,40,Prologue - Rotterdam › Rotterdam,8.9,,
12.06 » 20.06,,,Tour de Suisse (PT),,,
,33,,Points classification,,,
,12,,General classification,,55,
20.06,24,,Stage 8 (ITT) - Liestal › Liestal,26.9,,
19.06,28,10,Stage 7 - Wetzikon › Liestal,172.4,,
18.06,31,10,Stage 6 - Savognin › Wetzikon,204.1,,
17.06,13,10,Stage 5 - Meiringen › La Punt,213.3,,
16.06,30,3,Stage 4 - Wettingen › Frutigen,172.5,,
15.06,94,3,Stage 3 - Schwarzenburg › Wettingen,192.2,,
14.06,8,3,Stage 2 - Sierre › Schwarzenburg,196.6,3,
13.06,44,6,Stage 1 - Ascona › Sierre,167.5,,
12.06,7,7,Prologue - Lugano › Lugano,7.6,4,
02.06 » 06.06,,,Skoda-Tour de Luxembourg (2.HC),,,
,17,,General classification,,14,
06.06,22,,Stage 4 - Mersch › Luxembourg,149.5,,
05.06,27,,Stage 3 - Eschweiler › Diekirch,191.5,,
04.06,14,,Stage 2 - Schifflange › Differdange,202.7,,
03.06,54,,Stage 1 - Luxembourg › Hesperange,179.7,,
02.06,90,,Prologue - Luxembourg-Ville › Luxembourg-Ville,2.6,,
25.04,29,,Liège - Bastogne - Liège (1.HC),258,11,
21.04,22,,La Flèche Wallonne (1.HC),198,13,
05.04 » 10.04,,,Vuelta Ciclista al Pais Vasco (2.UWT),,,
,29,,General classification,,6,
10.04,22,,Stage 6 (ITT) - Orio › Orio,22,,
09.04,85,36,Stage 5 - Eibar › Orio,170,,
08.04,32,30,Stage 4 - Murgia › Eibar (Arrate),160,,
07.04,68,39,Stage 3 - Viana › Amurrio,187,,
06.04,69,44,Stage 2 - Zierbena › Viana,217,,
05.04,46,46,Stage 1 - Zierbena › Zierbena,152,,
27.03 » 28.03,,,Critérium International (2.HC),,,
,35,,General classification,,,
28.03,22,,Stage 3 (ITT) - Porto Vecchio › Porto Vecchio,7.7,,
28.03,74,,Stage 2 - Porto Vecchio › Porto Vecchio,75.5,,
27.03,34,,Stage 1 - Porto-Vecchio › Col de l'Ospedale,175.5,,
20.03,27,,Milano-Sanremo (1.HC),298,13,
10.03 » 16.03,,,Tirreno-Adriatico (WT),,,
,35,,General classification,,5,
16.03,130,,Stage 7 - Civitanova Marche › San Benetto del Tronto,164,,
15.03,50,,Stage 6 - Montecosaro › Macerata,134,,
14.03,55,,Stage 5 - Chieti › Colmurano,216,,
13.03,33,,Stage 4 - San Gemini › Chieti,243,,
12.03,35,,Stage 3 - Montecatini Terme › Monsummano Terme,159,,
11.03,49,,Stage 2 - Montecatini Terme › Montecatini Terme,165,,
10.03,29,,Stage 1 - Livorno › Rosignano Solvay,148,,
06.03,2,,Montepaschi Strade Bianche - Eroica Toscana (1.1),190,55,56
28.02,54,,Clasica de Almeria (1.1),178.2,,
21.02 » 25.02,,,Vuelta a Andalucia Ruta ciclista del Sol (2.1),,,
,10,,General classification,,14,6
25.02,17,,Stage 5 - Torrox Costa › Antequera,161.4,,
24.02,18,,Stage 4 (ITT) - Málaga › Málaga,10.9,,
23.02,24,,Stage 3 - Marbella › Benahaves,162.5,,
22.02,21,,Stage 2 - Otura › Cordoba,182.2,,
21.02,10,,Stage 1 - Jaen › Alto de las Allanadas,159.2,,
17.10,DNF,,Giro di Lombardia (WT),242,,
15.10,85,,Gran Piemonte (1.HC),184,,
11.10,43,,Gran Premio Bruno Beghelli (1.1),185.6,,
10.10,3,,Giro dell'Emilia (1.HC),198.5,60,
27.09,33,,World Championships - Road Race (WC),262.2,15,
12.09 » 19.09,,,Tour of Britain (2.1),,,
,60,,General classification,,,
19.09,40,,Stage 8 - London › London,92.5,,
18.09,68,,Stage 7 - Hatherleigh › Yeovil,159.7,,
17.09,85,,Stage 6 - Frome › Bideford,183.7,,
16.09,64,,Stage 5 - Stoke-on-Trent › Stoke-on-Trent,134,,
15.09,15,,Stage 4 - Blackpool › Blackpool,148,,
14.09,69,,Stage 3 - Peebles › Gretna,153.8,,
13.09,58,,Stage 2 - Darlington › Gateshead,153.3,,
12.09,59,,Stage 1 - Scunthorpe › York,172.6,,
18.08 » 25.08,,,Eneco Tour (2.UWT),,,
,25,,General classification,,10,
25.08,34,,Stage 8 (ITT) - Amersfoort › Amersfoort,13.1,,
24.08,71,,Stage 7 - Genk › Roermond,163.3,,
23.08,42,,Stage 6 - Roermond › Sittard,204.3,,
22.08,79,,Stage 5 - Hasselt › Libramont,221.2,,
21.08,108,,Stage 4 - Niel › Hasselt,158.3,,
20.08,65,,Stage 3 - Ardooie › Brussels,178.1,,
19.08,103,,Stage 2 - Aalter › Ardooie,185.4,,
18.08,25,,Prologue - Rotterdam › Rotterdam,4.4,,
16.08,60,,Vattenfall Cyclassics (PT),216.4,5,
01.08,69,,Clasica Ciclista San Sebastian (PT),237,5,
22.07 » 26.07,,,Sachsen-tour International Um Den Sparkassen-cup (2.1),,,
,24,,General classification,,,
26.07,1,,Stage 5 - Dresden › Dresden,146,20,
25.07,38,,Stage 4 - Chemnitz › Sebnitz,183,,
24.07,65,,Stage 3 - Aue › Meerane,184,,
23.07,58,,Stage 2 - Leipzig › Eibenstock,194,,
22.07,83,,Stage 1 - Dresden › Markkleeberg,162,,
09.05 » 31.05,,,Giro d'Italia (2.HC),,,
,4,,Youth classification,,,
,24,,Mountains classification,,,
,28,,Points classification,,,
,25,,General classification,,45,
31.05,52,,Stage 21 (ITT) - Roma › Roma,15.3,,
30.05,76,25,Stage 20 - Napoli › Anagni,203,,
29.05,45,24,Stage 19 - Avellino › Vesuvio,164,,
28.05,20,24,Stage 18 - Sulmona › Benevento,181,,
27.05,77,25,Stage 17 - Chieti › Blockhaus,83,,
25.05,62,24,Stage 16 - Pergola › Monte Petrano,237,,
24.05,10,10,Stage 15 - Forli › Faenza,159,6,
23.05,33,11,Stage 14 - Campi Bisenzio › Bologna,174,,
22.05,52,10,Stage 13 - Lido di Camaiore › Firenze,176,,
21.05,28,10,Stage 12 (ITT) - Sestri Levante › Riomaggiore,60.6,,
20.05,67,8,Stage 11 - Torino › Arenzano,214,,
19.05,22,8,Stage 10 - Cuneo › Pinerolo,250,,
17.05,35,2,Stage 9 - Milan › Milan,155,,
16.05,19,2,Stage 8 - Morbegno › Bergamo,208,,
15.05,25,2,Stage 7 - Innsbruck › Chiavenna,244,,
14.05,16,2,Stage 6 - Bressanone › Mayrhofen,242,,
13.05,3,2,Stage 5 - San Martino di Castrozza › Alpe di Siusi,125,35,
12.05,7,1,Stage 4 - Padova › San Martino di Castrozza,165,12,
11.05,23,4,Stage 3 - Grado › Valdobbiadene,198,,
10.05,35,4,Stage 2 - Jesolo › Trieste,156,,
09.05,1,5,Stage 1 (TTT) - Lido di Venezia › Lido di Venezia,20.5,15,
26.04,52,,Liège - Bastogne - Liège (1.HC),261,5,
22.04,6,,La Flèche Wallonne (PT),195.5,70,
06.04 » 11.04,,,Vuelta Ciclista al Pais Vasco (2.UWT),,,
,26,,General classification,,9,
11.04,17,,Stage 6 (ITT) - Zalla › Zalla,24,,
10.04,53,30,Stage 5 - Güeñes  › Zalla,169,,
09.04,41,35,Stage 4 - Eibar › Güeñes,161,,
08.04,32,36,Stage 3 - Villatuert › Eibar (Arrate),172.5,,
07.04,104,60,Stage 2 - Ataun  › Villatuerta,160,,
06.04,64,64,Stage 1 - Ataun › Ataun,142.5,,
21.03,107,,Milano-Sanremo (1.HC),298,5,
11.03 » 17.03,,,Tirreno-Adriatico (WT),,,
,4,,General classification,,140,
17.03,56,,Stage 7 - San Benedetto del Tronto › San Benedetto del Tronto,169,,
16.03,9,,Stage 6 - Civitanova Marche › Camerino,235,2,
15.03,3,,Stage 5 (ITT) - Loreto › Macerata,30,18,
14.03,3,,Stage 4 - Foligno › Montelupone,171,18,
13.03,50,,Stage 3 - Fucecchio › Santa Croce sull'Arno,166,,
12.03,58,,Stage 2 - Volterra › Marina di Carrara,177,,
11.03,15,,Stage 1 - Cecina › Capannori,147,,
07.03,1,,Monte Paschi Eroica (1.1),190,75,80
14.02 » 22.02,,,Amgen Tour Of California (2.HC),,,
,5,,General classification,,70,85
22.02,20,,Stage 8 - Rancho Bernardo › Escondido,155.8,,
21.02,34,,Stage 7 - Sint Clarina › Pasadena,143,,
20.02,10,,Stage 6 (ITT) - Solvang › Solvang,24,,
19.02,18,,Stage 5 - Visalia › Paso Robles,216.1,,
18.02,40,,Stage 4 - Merced › Clovis,187.7,,
17.02,25,,Stage 3 - San José › Modesto,167.7,,
16.02,11,,Stage 2 - Sausalito › Santa Cruz,186.6,,
15.02,14,,Stage 1 - Davis › Santa Rosa,173.2,,
14.02,35,,Prologue - Sacremento › Sacremento,3.9,,
28.09,12,,World Championships - Road Race (WC),260,60,
14.09 » 20.09,,,Tour de Pologne (2.PT),,,
,48,,General classification,,5,
20.09,80,,Stage 6 - Rabki › Krakow,95.4,,
19.09,35,,Stage 5 - Krynica Gorska › Zakopane,118,,
18.09,71,,Stage 4 - Naleczow › Rzeszow,239.7,,
16.09,85,,Stage 3 - Mikolajki › Bialystok,184.8,,
15.09,43,,Stage 2 - Plock › Olsztyn,231.2,,
07.09,DNF,,Vattenfall Cyclassics (1.PT),213.7,,
29.08 » 06.09,,,Deutschland Tour (PT),,,
,2,,General classification,,190,
06.09,6,,Stage 9 (ITT) - Bremen › Bremen,34,7,
05.09,28,,Stage 8 - Neuss  › Georgsmarienhütte,214.3,,
04.09,20,,Stage 7 - Bad Fredeburg › Neuss,188.8,,
03.09,3,,Stage 6 - Mainz › Winterberg,218.4,18,
02.09,25,,Stage 5 - Wiesloch › Mainz,174,,
01.09,2,,Stage 4 - Herrieden › Wiesloch,214.9,30,
31.08,3,,Stage 3 - München › Region Hesselberg,182.6,18,
30.08,2,,Stage 2 - Kitzbühel › Hochfügen,178,30,
29.08,11,,Prologue - Kitzbühel › Kitzbühel,3.6,,
23.08,6,,Trofeo Melinda (1.1),194,24,
21.08,5,,Coppa Bernocchi (1.1),193,28,
09.08,37,,Olympic Games Road Race (Olympics),221,15,
05.07 » 27.07,,,Tour de France (2.HC),,,
,6,,Youth classification,,,
,92,,Points classification,,,
,39,,General classification,,25,
27.07,137,,Stage 21 - Étampes › Paris,143,,
26.07,9,41,Stage 20 (ITT) - Cérilly › Saint-Amand-Montrond,53,14,
25.07,50,46,Stage 19 - Roanne › Montluçon,165.5,,
24.07,76,47,Stage 18 - Bourg d'Oisans › Saint-Etienne,196.5,,
23.07,58,48,Stage 17 - Embrun › l'Alpe d'Huez,210.5,,
22.07,67,47,Stage 16 - Cuneo › Jausiers,157,,
20.07,63,40,Stage 15 - Embrun › Prato Nevoso,183,,
19.07,50,38,Stage 14 - Nîmes › Digne-les-Bains,194.5,,
18.07,28,40,Stage 13 - Narbonne › Nîmes,182,,
17.07,142,40,Stage 12 - Lavelanet › Narbonne,168.5,,
16.07,44,43,Stage 11 - Lannemezan › Foix,167.5,,
14.07,73,40,Stage 10 - Pau › Hautacam,156,,
13.07,55,30,Stage 9 - Toulouse › Bagnères de Bigorre,224,,
12.07,35,10,Stage 8 - Figeac › Toulouse,172.5,,
11.07,49,10,Stage 7 - Brioude › Aurillac,159,,
10.07,13,6,Stage 6 - Aigurande › Super Besse,195.5,4,
09.07,39,8,Stage 5 - Cholet › Châteauroux,232,,
08.07,10,8,Stage 4 (ITT) - Cholet › Cholet,29.5,10,
07.07,34,38,Stage 3 - Saint Malo › Nantes,208,,
06.07,160,45,Stage 2 - Auray › Saint-Brieuc,164.5,,
05.07,34,37,Stage 1 - Brest › Plumelec,197.5,,
29.06,3,,National Championships Sweden - Road Race (NC),182,7,
25.06,3,,National Championships Sweden - ITT (NC),51,2,
14.06 » 22.06,,,Tour de Suisse (),,,
,2,,Youth classification,,,
,23,,Points classification,,,
,5,,General classification,,120,
22.06,23,,Stage 9 - Altdorf › Bern,168.4,,
21.06,8,5,Stage 8 (ITT) - Altdorf › Klausenpas,25,3,
20.06,34,5,Stage 7 - Gruyères › Lyss,170.6,,
19.06,7,5,Stage 6 - Caslano › Verbier,188.1,4,
18.06,18,6,Stage 5 - Domat › Caslano,189.7,,
17.06,43,8,Stage 4 - Gossau › Domat,170.7,,
16.06,54,8,Stage 3 - Flums › Gossau,155.2,,
15.06,8,8,Stage 2 - Langnau im Emmental › Flumserberg,197.4,3,
14.06,18,21,Stage 1 - Langnau im Emmental › Langnau im Emmental,156.5,,
08.06,3,,GP du canton d'Argovie / GP Gippingen (1.HC),196,60,
19.05 » 25.05,,,Volta Ciclista a Catalunya (2.PT),,,
,9,,General classification,,80,
25.05,12,,Stage 7 - Palleja › Barcelona,106,,
24.05,29,,Stage 6 - El Vendrell › Palleja,163.9,,
23.05,45,,Stage 5 - Asco › Asco,163.5,,
22.05,26,,Stage 4 - La Seu d'Urgell › Asco,217.2,,
21.05,22,,Stage 3 - Banyoles › La Seu d'Urgell,191.9,,
20.05,29,,Stage 2 - Riudellots de la Selva › Banyoles,167.8,,
19.05,4,,Prologue - Lloret de Mar › Lloret de Mar,4,13,
21.04 » 27.04,,,Tour of Georgia (2.HC),,,
,45,,General classification,,,
27.04,67,,Stage 7 - Atlanta › Atlanta,101,,
26.04,39,48,Stage 6 - Blairsville › Brasstown Bald,142,,
25.04,85,77,Stage 5 - Suwanee › Dahlonega,215,,
24.04,3,80,Stage 4 (TTT) - Road Atlanta › Road Atlanta,16,,
23.04,95,94,Stage 3 - Washington › Gainesville,174,,
22.04,80,72,Stage 2 - Statesboro › Augusta,188,,
21.04,62,65,Stage 1 - Tybee Island › Savannah,113,,
07.04 » 12.04,,,Vuelta Ciclista al Pais Vasco (2.UWT),,,
,71,,General classification,,5,
12.04,65,,Stage 6 (ITT) - Orio › Orio,20,,
11.04,73,78,Stage 5 - Vitoria › Orio,162,,
10.04,39,100,Stage 4 - Viana › Gasteiz,171,,
09.04,114,108,Stage 3 - Erandio › Viana,195,,
08.04,112,103,Stage 2 - Legazpi › Erandio,153,,
07.04,107,107,Stage 1 - Legazpi › Legazpi,137,,
22.03,86,,Milano-Sanremo (1.HC),298,5,
12.03 » 18.03,,,Tirreno-Adriatico (WT),,,
,3,,General classification,,160,
18.03,24,,Stage 7 - San Benedetto del Tronto › San Benedetto del Tronto,176,,
17.03,6,,Stage 6 - Civitanova Marche › Castelfidardo,196,7,
16.03,3,,Stage 5 (ITT) - Macerata › Recanati,26,18,
15.03,27,,Stage 4 - Porto Recanati › Civitanova Marche,166,,
14.03,4,,Stage 3 - Gubbio › Montelupone,195,13,
13.03,16,,Stage 2 - Civitavecchia – Gubbio › Civitavecchia,203,,
12.03,86,,Stage 1 - Civitavecchia › Civitavecchia,160,,
08.03,8,,Monte Paschi Eroica (1.1),181,18,8
17.02 » 24.02,,,Tour of California (2.HC),,,
,36,,General classification,,,
24.02,35,,Stage 7 - Santa Clarita › Pasadena,150,,
23.02,88,,Stage 6 - Santa Barbara › Santa Clarita,175,,
22.02,31,,Stage 5 (ITT) - Solvang › Solvang,24,,
21.02,18,,Stage 4 - Seaside › San Luis Obispo,217,,
20.02,52,,Stage 3 - Modesto › San José,152.2,,
19.02,41,,Stage 2 - Santa Rosa › Sacramento,187.2,,
18.02,14,,Stage 1 - Sausalito › Santa Rosa,156,,
17.02,14,,Prologue - Palo Alto › Palo Alto,3.4,,
30.09,31,,World Championships - Road Race (WC),267,15,
01.09 » 23.09,,,Vuelta a España (2.PT),,,
,37,,Points classification,,,
,54,,General classification,,20,
23.09,53,,Stage 21 - Rivas Vaciamadrid › Madrid,104.2,,
22.09,30,54,Stage 20 (ITT) - Villalba › Villalba,20,,
21.09,45,55,Stage 19 - Ávila › Alto de Abantos,133,,
20.09,87,54,Stage 18 - Talavera de la Reina › Ávila,153.5,,
19.09,54,52,Stage 17 - Ciudad Real › Talavera de la Reina,175,,
18.09,60,52,Stage 16 - Jaen › Puertollano,161.5,,
16.09,97,49,Stage 15 - Villacarrillo › Granada,201.4,,
15.09,2,28,Stage 14 - Puerto Lumbreras › Villacarrillo,207,50,
14.09,53,41,Stage 13 - Hellin › Torre-Pacheco,176.4,,
13.09,142,42,Stage 12 - Algemesí › Hellín,176,,
12.09,39,41,Stage 11 - Castellón › Algemesí,191.3,,
10.09,34,42,Stage 10 - Benasque › Estación de esquí de Ordino Arcalís,214,,
09.09,79,57,Stage 9 - Huesca › Estación de esquí Cerler,167.6,,
08.09,39,65,Stage 8 (ITT) - D. O. Cariñena › Zaragoza,49,,
07.09,104,68,Stage 7 - Calahorra › Zaragoza,176.3,,
06.09,87,68,Stage 6 - Reinosa › Logroño,184.3,,
05.09,62,69,Stage 5 - Cangas de Onís › Reinosa,157.4,,
04.09,90,81,Stage 4 - Langreo › Lagos de Covadonga,185.1,,
03.09,29,29,Stage 3 - Viveiro › Luarca,153,,
02.09,37,49,Stage 2 - Allariz › Santiago de Compostela,148.7,,
01.09,96,96,Stage 1 - Vigo › Vigo,146.4,,
08.08 » 16.08,,,Tour of Germany (PT),,,
,7,,Youth classification,,,
,21,,General classification,,18,
16.08,73,,Stage 9 - Einbeck › Hannover,143.1,,
15.08,17,,Stage 8 (ITT) - Fürth › Fürth,33.1,,
14.08,60,,Stage 7 - Kufstein › Regensburg,192.2,,
13.08,135,,Stage 6 - Längenfeld › Kufstein,175,,
12.08,27,,Stage 5 - Sonthofen › Sölden,157.6,,
11.08,40,,Stage 4 - Singen › Sonthofen,183.8,,
10.08,56,,Stage 3 - Pforzheim › Offenburg,181.8,,
09.08,72,,Stage 2 (TTT) - Bretten › Bretten,42.2,,
08.08,40,,Stage 1 - Saarbrücken › Saarbrücken,183.7,,
07.07 » 29.07,,,Tour de France (2.PT),,,
,9,,Youth classification,,,
,67,,Mountains classification,,,
,83,,Points classification,,,
,64,,General classification,,25,
29.07,72,,Stage 20 - Marcoussis › Paris,146,,
28.07,32,65,Stage 19 (ITT) - Cognac › Angoulême,55.5,,
27.07,45,66,Stage 18 - Cahors › Angoulême,211,,
26.07,109,67,Stage 17 - Pau › Castelsarrasin,188.5,,
25.07,42,71,Stage 16 - Orthez › Gourette - Col d'Aubisque,218.5,,
23.07,63,86,Stage 15 - Foix › Loudenvielle-Le-Louron,196,,
22.07,116,85,Stage 14 - Mazamet › Plateau-de-Beille,197,,
21.07,158,73,Stage 13 (ITT) - Albi › Albi,54,,
20.07,158,66,Stage 12 - Montpellier › Castres,178.5,,
19.07,121,61,Stage 11 - Marseille › Montpellier,182.5,,
18.07,64,62,Stage 10 - Tallard › Marseille,229.5,,
17.07,51,61,Stage 9 - Val-d’Isère › Briançon,159.5,,
15.07,76,69,Stage 8 - Le Grand Bornand › Tignes,165,,
14.07,68,65,Stage 7 - Bourg-en-Bresse › Le Grand Bornand,197.5,,
13.07,42,33,Stage 6 - Semur-en-Auxois › Bourg-en-Bresse,199.5,,
12.07,59,33,Stage 5 - Chablis › Autun,182.5,,
11.07,82,54,Stage 4 - Villers-Cotterets › Joigny,193,,
10.07,29,51,Stage 3 - Waregem › Compiegne,236.5,,
09.07,17,51,Stage 2 - Dunkerque › Gent,168.5,,
08.07,85,49,Stage 1 - London › Canterbury,203,,
07.07,51,51,Prologue - London › London,7.9,,
16.06 » 24.06,,,Tour de Suisse (),,,
,38,,Points classification,,,
,24,,General classification,,12,
24.06,20,,Stage 8 (ITT) - Bern › Bern,34.2,,
23.06,10,24,Stage 7 - Innertkirchen › Schwarzsee,152.5,1,
22.06,30,26,Stage 6 - Ulrichen › Grimselpass,125.7,,
21.06,42,31,Stage 5 - Giubiasco › Crans-Montana,95,,
20.06,92,27,Stage 4 - Vaduz › Giubiasco,194.1,,
19.06,36,27,Stage 3 - Nauders › Triesenberg-Malbun,167.2,,
18.06,24,10,Stage 2 - Brunnen › Nauders,228.7,,
17.06,27,30,Stage 1 - Olten › Luzern,158.6,,
16.06,33,33,Prologue - Olten › Olten,3.8,,
21.05 » 27.05,,,Volta Ciclista a Catalunya (2.PT),,,
,11,,General classification,,60,
27.05,11,,Stage 7 - Lloret de Mar › Barcelona,119.3,,
26.05,16,,Stage 6 - Lli­via › Lloret de Mar,177.1,,
25.05,6,,Stage 5 (ITT) - Sornas › Vallnord-Arcalís,17.1,7,
24.05,18,,Stage 4 - Tàrrega › Vallnord-Arinsal,201.1,,
23.05,67,93,Stage 3 - Perafort › Tàrrega,182.1,,
22.05,60,101,Stage 2 - Salou › Perafort,170,,
21.05,17,110,Stage 1 (TTT) - Salou › Salou,15,,
29.04,55,,Liège - Bastogne - Liège (PT),262,5,
25.04,33,,La Flèche Wallonne (PT),202,5,
09.04 » 14.04,,,Vuelta a Pais Vasco (2.UWT),,,
,22,,General classification,,16,
14.04,27,,Stage 6 (ITT) - Oiartzun › Oiartzun,14,,
13.04,19,22,Stage 5 - Lekunberri › Oiartzun,169,,
12.04,26,30,Stage 4 - Vitoria-Gasteiz › Lekunberri,176,,
11.04,59,36,Stage 3 - Karrantza › Vitoria-Gasteiz,173,,
10.04,41,34,Stage 2 - Urretxu › Karrantza,191.5,,
09.04,33,33,Stage 1 - Urretxu › Urretxu,139,,
31.03 » 01.04,,,Critérium International (2.HC),,,
,2,,General classification,,110,
01.04,1,,Stage 3 (ITT) - Charleville-Mézières › Charleville-Mézières,8,30,
01.04,8,,Stage 2 - Les Vieilles Forges (Les Mazures) › Month,98,1,
31.03,63,,Stage 1 - Asfeld › Charleville-Mézières,179,,
24.03,61,,Milano-Sanremo (PT),294,5,
11.03 » 18.03,,,Paris - Nice (2.UWT),,,
18.03,DNF,,Stage 7 - Nice › Nice,129.5,,
17.03,28,,Stage 6 - Brignoles › Cannes,200,,
16.03,46,,Stage 5 - Sorgues › Manosque,178,,
15.03,9,,Stage 4 - Maurs La Jolie › Mende,169.5,2,
14.03,87,,Stage 3 - Limoges › Maurs La Jolie,215.5,,
13.03,67,,Stage 2 - Vatan › Limoges,177,,
12.03,37,,Stage 1 - Cloyes-sur-le-loir › Buzançais,186,,
11.03,9,9,Prologue - Issy-les-Moulineaux › Issy-les-Moulineaux,4.7,2,
04.03,4,,GP Lugano (1.1),172,32,
03.03,DNF,,GP Chiasso (1.1),172.9,,
20.02,27,,Trofeo Laigueglia (1.1),183,,
14.02 » 18.02,,,Tour Méditerranéen Cycliste Professionnel (2.1),,,
,10,,General classification,,14,6
18.02,23,,Stage 6 - Dolceacqua › Sanremo,122,,
17.02,43,,Stage 5 - La Crau › La Garde,145,,
16.02,11,,Stage 4 - Gréasque › Toulon,98,,
15.02,50,,Stage 3 - Saint-Cannat › Marseille,158,,
14.02,39,,Stage 2 - Gruissan › Agde,107,,
14.02,13,,Stage 1 (TTT) - Gruissan › Gruissan,26.2,,
01.10,DNF,,Züri Metzgete (1.PT2),241,,
21.09,29,,World Championships - ITT (WC),50.8,10,
04.09 » 10.09,,,Tour de Pologne (2.PT),,,
,34,,Points classification,,,
,11,,General classification,,38,
10.09,22,,Stage 7 - Jelenia Góra › Karpacz,126,,
09.09,19,11,Stage 6 - Szczawno Zdrój › Karpacz,162.4,,
08.09,77,44,Stage 5 - Legnica › Jelenia Góra,192,,
07.09,58,55,Stage 4 - Bydgoszcz › Poznan,182,,
06.09,48,57,Stage 3 - Gdansk › Torun,225.5,,
05.09,94,89,Stage 2 - Ostróda › Elblag,119.6,,
04.09,80,81,Stage 1 - Pultusk › Olsztyn,214,,
16.08 » 23.08,,,Eneco Tour of Benelux (2.UWT),,,
,10,,Youth classification,,,
,22,,Points classification,,,
,31,,General classification,,5,
23.08,31,,Stage 7 - Ans › Ans,201.2,,
22.08,75,,Stage 6 - Bornem › Sint-Truiden,213.9,,
21.08,110,,Stage 5 - Hasselt › Balen,183.1,,
20.08,35,,Stage 4 (ITT) - Landgraaf › Landgraaf,16.1,,
19.08,93,,Stage 3 - Beek › Westmalle,185,,
18.08,90,,Stage 2 - 's-Hertogenbosch › Sittard-Geleen,194.6,,
17.08,69,,Stage 1 - Wieringerwerf › Hoogeveen,176.9,,
16.08,163,,Prologue - Den Helder › Den Helder,5.8,,
12.08,12,,Clasica Ciclista San Sebastian (PT),227,34,
01.07 » 23.07,,,Tour de France (2.PT),,,
,6,,Youth classification,,,
,62,,General classification,,25,
23.07,56,,Stage 20 - Sceaux - Antony › Paris,154.5,,
22.07,45,64,Stage 19 (ITT) - Le Creusot › Montceau-les-Mines,57,,
21.07,79,64,Stage 18 - Morzine › Mâcon,197,,
20.07,81,64,Stage 17 - St-Jean-de-Maurienne › Morzine,200.5,,
19.07,52,56,Stage 16 - Le Bourg d'Oisans › La Toussuire - Les Sybelles,182,,
18.07,53,54,Stage 15 - Gap › L'Alpe d'Huez,187,,
16.07,60,60,Stage 14 - Montélimar › Gap,180.5,,
15.07,74,66,Stage 13 - Béziers › Montélimar,231,,
14.07,50,62,Stage 12 - Luchon › Carcassonne,211.5,,
13.07,67,63,Stage 11 - Tarbes › Val d'Aran - Pla-de-Beret,206.5,,
12.07,52,21,Stage 10 - Cambo-les-Bains › Pau,190.5,,
11.07,27,19,Stage 9 - Bordeaux › Dax,169.5,,
09.07,136,19,Stage 8 - Saint-Méen-le-Grand › Lorient,181,,
08.07,18,19,Stage 7 (ITT) - Saint-Grégoire › Rennes,52,,
07.07,57,40,Stage 6 - Lisieux › Vitré,189,,
06.07,38,40,Stage 5 - Beauvais › Caen,225,,
05.07,26,44,Stage 4 - Huy › Saint-Quentin,207,,
04.07,54,45,Stage 3 - Esch-sur-Alzette › Valkenburg,216.5,,
03.07,136,40,Stage 2 - Obernai › Esch-sur-Alzette,228.5,,
02.07,52,43,Stage 1 - Strasbourg › Strasbourg,184.5,,
01.07,38,40,Prologue - Strasbourg › Strasbourg,7.1,,
23.06,1,,National Championships Sweden - Road Race (NC),182,15,
21.06,2,,National Championships Sweden - ITT (NC),50,7,
10.06 » 18.06,,,Tour de Suisse (),,,
,21,,General classification,,18,
18.06,13,,"Stage 9 (ITT) - 
Kerzers › Bern",30.7,,
17.06,34,21,Stage 8 - Ambri › Ambri,166.3,,
16.06,50,21,"Stage 7 - 
St. Moritz › Ascona",233.7,,
15.06,28,21,"Stage 6 - 
Fiesch › La Punt",212.2,,
14.06,25,20,"Stage 5 - 
La Chaux-de-Fonds › Leukerbad",229.5,,
13.06,24,22,"Stage 4 - 
Niederbipp › La Chaux-de-Fonds",161.3,,
12.06,38,24,"Stage 3 - 
Einsiedeln › Arlesheim",160,,
11.06,47,29,"Stage 2 - 
Bremgarten › Einsiedeln",155.6,,
10.06,35,36,Stage 1 - Baden › Baden,154,,
15.05 » 21.05,,,Volta Ciclista a Catalunya (2.PT),,,
,24,,General classification,,12,
21.05,59,,Stage 7 - Lloret de Mar › Barcelona,122,,
20.05,37,,Stage 6 - Manlleu › Lloret de Mar,166,,
19.05,25,,Stage 5 - Llivia › Manlleu,162,,
18.05,36,,Stage 4 - Perafort › Vallnord (Sector Arcalís) Ando,225,,
17.05,81,,Stage 3 - Salou › Sant Carles de la Ràpita,177,,
16.05,30,,Stage 2 - Cambrils › Cambrils,157,,
15.05,49,,Stage 1 (ITT) - Salou › Salou,12,,
23.04,67,,Liège - Bastogne - Liège (PT),262,5,
19.04,125,,La Flèche Wallonne (PT),202,5,
16.04,DNF,,Amstel Gold Race (PT),253.1,,
03.04 » 08.04,,,Vuelta al Pais Vasco (2.UWT),,,
,68,,General classification,,5,
08.04,58,,Stage 6 (ITT) - Zalla › Zalla,24,,
07.04,94,71,Stage 5 - Vitoria- Gasteiz › Zalla,178,,
06.04,65,71,Stage 4 - Lerín › Vitoria- Gasteiz,172,,
05.04,105,77,Stage 3 - Segura › Lerín,170,,
04.04,94,83,Stage 2 - Irún › Segura,155,,
03.04,74,75,Stage 1 - Irún › Irún,130,,
25.03 » 26.03,,,Critérium International (2.HC),,,
,30,,General classification,,,
26.03,22,,Stage 3 (ITT) - Charleville-Mézières › Charleville-Mézières,8.3,,
26.03,47,,Stage 2 - Les Vieilles-Forges › Monthermé,101,,
25.03,20,,Stage 1 - Sedan › Charleville-Mézières,192,,
18.03,DNF,,Milano-Sanremo (PT),294,,
05.03 » 12.03,,,Paris - Nice (2.UWT),,,
,40,,Points classification,,,
,19,,General classification,,24,
12.03,23,,Stage 7 - Nice › Nice,135,,
11.03,19,,Stage 6 - Digne-les-Bains › Cannes,179,,
10.03,14,,Stage 5 - Avignon › Digne-les-Bains,202,,
09.03,38,,Stage 4 - Saint-Etienne › Rasteau,193,,
08.03,30,,Stage 3 - Julienas › Saint-Etienne,169,,
07.03,44,,Stage 2 - Cerilly › Belleville,200,,
06.03,64,,Stage 1 - Villemandeur › Saint-Amand-Montrond,193,,
05.03,38,,Prologue - Issy-les-Moulineaux › Issy-les-Moulineaux,5,,
21.02 » 25.02,,,Vuelta Ciclista a la Comunidad Valenciana (2.1),,,
,9,,General classification,,16,
25.02,19,,Stage 5 - Valencia › Valencia,176,,
24.02,6,,Stage 4 - Alzira › Vallada (Alto del Campello),161,3,
23.02,37,,Stage 3 - Sagunt › Punto Sagunt,162.5,,
22.02,50,,Stage 2 - Vila Real › Vila Real,151.8,,
21.02,24,,Stage 1 - Calpe › Calpe,148.2,,
18.02,32,,Tour Cycliste International du Haut Var (1.1),185,,
08.02 » 12.02,,,Tour Méditerranéen (2.1),,,
,1,,Youth classification,,,
,4,,Mountains classification,,,
,8,,Points classification,,,
,6,,General classification,,24,16
12.02,26,,Stage 6 - San Remo › San Remo,111,,
12.02,44,6,Stage 5 - La Londe-les-Maures › Hyères,122,,
10.02,9,6,Stage 4 - Saint-Laurent-du-Var › Menton,91,,
09.02,2,2,Stage 2 - Berre-l'Etang › Mont Faron,112,12,11
08.02,41,42,Stage 1 - Marseille › Marignane,170,,
15.10,42,,Giro di Lombardia (1.PT),246,5,
09.10,61,,Paris - Tours (PT),253,5,
06.10,31,,Paris-Bourges (1.1),196.5,,
02.10,8,,Züri Metzgete (1.PT2),241,50,
25.09,75,,World Championships - Road Race (WC),273,15,
22.09,46,,World Championships - ITT (WC),44.1,10,
12.09 » 19.09,,,Tour de Pologne (2.PT),,,
,4,,General classification,,90,
19.09,3,,Stage 8 (ITT) - Jelenia Góra › Karpacz time trial,19,18,8
18.09,3,,Stage 7 - Jelenia Góra › Karpacz,61,18,8
17.09,5,,Stage 6 - Piechowice › Karpacz,153,10,6
16.09,20,,Stage 5 - Wroclaw › Szklarska Poreba,212,,
15.09,35,,Stage 4 - Inowroclaw › Leszno,213.4,,
14.09,37,,Stage 3 - Ostróda › Bydgoszcz,212,,
13.09,58,,Stage 2 - Tczew › Olsztyn,226.5,,
12.09,32,,Stage 1 - Gdansk › Elblag,149.6,,
28.08,30,,GP Ouest France - Plouay (PT),226,5,
15.08 » 23.08,,,Deutschland Tour (PT),,,
,55,,Points classification,,,
,14,,General classification,,45,
23.08,44,,Stage 9 - Bad Kreuznach › Bonn,170,,
22.08,12,,Stage 8 (ITT) - Ludwigshafen › Weinheim,30,,
21.08,14,,Stage 7 - Singen  › Feldberg ,173,,
20.08,89,,Stage 6 - Friedrichshafen › Singen ,175,,
19.08,66,,Stage 5 - Sölden › Friedrichshafen,215,,
18.08,17,,Stage 4 - Kufstein › Sölden,175,,
17.08,34,,Stage 3 - Bodenmais › Kufstein,232,,
16.08,23,,Stage 2 - Pegnitz › Bodenmais,180,,
15.08,52,,Stage 1 - Altenburg › Plauen,170,,
13.08,46,,Clasica Ciclista San Sebastian (PT),227,5,
02.07 » 24.07,,,Tour de France (),,,
,9,,Youth classification,,,
,95,,Points classification,,,
,61,,General classification,,25,
24.07,66,,Stage 21 - Corbeil-Essonnes › Paris,144,,
23.07,23,61,Stage 20 (ITT) - Saint-Etienne › Saint-Etienne,55,,
22.07,96,64,Stage 19 - Issoire › Le Puy en Velay,154,,
21.07,87,64,Stage 18 - Albi › Mende,189,,
20.07,17,60,Stage 17 - Pau › Revel,240,,
19.07,113,79,Stage 16 - Mourenx › Pau,181,,
17.07,60,70,Stage 15 - Lézat-sur-Leze › Saint-Lary-Soulan (Pla d'Adet),206,,
16.07,92,71,Stage 14 - Agde › Ax-3 Domaines,174,,
15.07,56,58,Stage 13 - Miramas › Montpellier,174,,
14.07,75,60,Stage 12 - Briançon › Digne-les-Bains,173,,
13.07,55,58,Stage 11 - Courchevel › Briançon,173,,
12.07,49,56,Stage 10 - Brignoud › Courchevel - Altiport,181,,
10.07,53,75,Stage 9 - Gérardmer › Mulhouse,171,,
09.07,88,86,Stage 8 - Pforzheim › Gérardmer,231,,
08.07,46,81,Stage 7 - Lunéville › Karlsruhe,228,,
07.07,120,82,Stage 6 - Troyes › Nancy,199,,
06.07,54,101,Stage 5 - Chambord › Montargis,183,,
05.07,186,102,Stage 4 (TTT) - Tours › Blois,67.5,,
04.07,53,60,Stage 3 - La Châtaigneraie › Tours,212,,
03.07,74,60,Stage 2 - Challans › Les Essarts,182,,
02.07,59,59,Stage 1 (ITT) - Fromentine en l'Ile › Noirmoutier,19,,
16.06 » 19.06,,,La Route du Sud Cycliste - La Dépêche du Midi (2.1),,,
18.06,8,,Stage 3 (ITT) - Montrejeau › Lannemezan,30.1,1,
17.06,62,,Stage 2 - Muret › St Gaudens,173.4,,
16.06,67,,Stage 1 - Rodez › Castres,163.2,,
05.06 » 12.06,,,Critérium du Dauphiné Libéré (PT),,,
,61,,General classification,,5,
12.06,63,,Stage 7 - Morzine-Avoriaz › Sallanches,128,,
11.06,52,71,Stage 6 - Albertville › Morzine-Avoriaz,155,,
10.06,87,91,Stage 5 - Vaison-la-Romaine › Grenoble,219,,
09.06,80,89,Stage 4 - Tournon-sur-Rhône › Le Mont Ventoux,182,,
08.06,119,109,Stage 3 (ITT) - Roanne › Roanne,46.5,,
07.06,114,109,Stage 2 - Givors › Chauffailles,187,,
06.06,70,118,Stage 1 - Aix-les-Bains › Givors,224,,
05.06,119,119,Prologue - Aix-les-Bains › Aix-les-Bains,7.9,,
16.05 » 22.05,,,Volta Ciclista a Catalunya (PT),,,
18.05,143,,Stage 3 - Salou › La Granada,157.8,,
17.05,157,,Stage 2 - Cambrils › Cambrils,186.8,,
01.05,22,,Trophée des Grimpeurs (1.1),137.3,,
24.04,87,,Liège - Bastogne - Liège (PT),260,5,
20.04,47,,La Flèche Wallonne (PT),201.5,5,
16.04,44,,Tour du Finistère (1.1),175.3,,
04.04 » 08.04,,,Vuelta a Pais Vasco (PT),,,
,21,,General classification,,18,
08.04,12,,Stage 5a - Altsasu › Oñati,93,,
08.04,22,,Stage 5b (ITT) - Oñati › Oñati,9.3,,
07.04,32,,Stage 4 - Gasteiz › Altsasu,167,,
06.04,45,,Stage 3 - Ortuella › Gasteiz,176,,
05.04,39,,Stage 2 - Zarautz › La Lejana-Trapagaran,166,,
04.04,27,,Stage 1 - Zarautz › Zarautz,133,,
29.03,28,,Paris-Camembert (1.1),208,,
26.03 » 27.03,,,Critérium International (2.HC),,,
,21,,General classification,,6,
27.03,33,,Stage 3 (ITT) - Charleville-Mézières › Charleville-Mézières,8.3,,
27.03,22,,Stage 2 - Les Vieilles Forges › Monthermé,98.5,,
26.03,30,,Stage 1 - Vouziers › Charleville-Mézières,187,,
06.03 » 13.03,,,Paris - Nice (2.UWT),,,
,4,,Youth classification,,,
,28,,Points classification,,,
,12,,General classification,,55,
13.03,13,,Stage 7 - Nice  › Nice ,135,,
12.03,27,,Stage 6 - La Crau › Cannes,184,,
11.03,14,,Stage 5 - Rognes  › Toulon (Mont-Faron),172.5,,
10.03,28,,Stage 4 - Saint-Peray › Montélimar,101,,
09.03,27,,Stage 3 - Thiers  › Craponne-sur-Arzon,118,,
08.03,59,,Stage 2 - Aigueperse  › Thiers,46.5,,
07.03,49,,Stage 1 - Etampes  › Chabris,186.5,,
06.03,22,,Prologue - Issy-les-Moulineaux › Issy-les-Moulineaux,4,,
25.02,DNF,,Kuurne-Bruxelles-Kuurne (1.1),190,,
19.02,DNF,,Tour du Haut Var (1.1),181,,
15.02,8,,Trofeo Laigueglia (1.1),183.3,18,
09.02 » 13.02,,,Tour Méditerranéen (2.1),,,
,5,,General classification,,28,20
13.02,26,,Stage 5 - Cabriès › Marseille,122,,
11.02,6,,Stage 3 - La Garde › Toulon,134,3,2
10.02,16,,Stage 2 - Villeneuve-Loubet › Bormes-les-Mimosas,131,,
09.02,57,57,Stage 1 - San Remo › Menton,130,,
01.02,DNF,,Grand Prix d'Ouverture La Marseillaise (1.1),128.3,,
02.09 » 11.09,,,Tour de l'Avenir (2.5),,,
,10,,Mountains classification,,,
,9,,Points classification,,,
,2,,General classification,,18,
11.09,1,,Stage 10 - Le Grand-Bornand  › Le Grand-Bornand ,141,5,
10.09,11,6,Stage 9 - Morteau  › Bellegarde-sur-Valserine ,174,,
09.09,9,4,Stage 8 - Gérardmer  › Morteau ,199,,
08.09,37,1,Stage 7 - Metz  › Rambervillers ,146,,
07.09,6,1,Stage 6 - Yutz Haute  › Metz,142,,
06.09,38,4,Stage 5 - Stenay  › Yutz Haute ,141,,
05.09,31,4,Stage 4 - Fontaine-au-Pire  › Mouzon,203,,
04.09,44,4,Stage 3 - Mers-les-Bains  › Fontaine-au-Pire ,206,,
03.09,32,7,Stage 2 - Cayeux-sur-Mer  › Fort-Mahon-Plage ,153,,
02.09,7,7,Stage 1 (ITT) - Fort-Mahon-Plage  › Fort-Mahon-Plage ,12.2,,
29.08,35,,GP Ouest France - Plouay (1.HC),198,5,
18.08,33,,Olympic Games - ITT (),48,10,
14.08,DNF,,Olympic Games Road Race (Olympics),224.4,,
04.08 » 08.08,,,Rothaus Regio-Tour International (2.3),,,
,5,,Youth classification,,,
,27,,Points classification,,,
,10,,General classification,,14,
08.08,17,,Stage 5 - Herbolzheim › Vogtsburg,177.1,,
07.08,33,10,Stage 4 - Emmendingen › Lahr,168.4,,
06.08,56,10,Stage 3 - Neuenburg › Guebwiller,178.9,,
05.08,13,10,Stage 2 (ITT) - Müllheim › Müllheim,19,,
04.08,10,10,Stage 1 - Heitersheim › Wehr,181.2,,
01.08,46,,La Poly Normande (1.3),157,,
23.06,1,,National Championships Sweden - ITT (NC),50,15,
06.06 » 13.06,,,Critérium du Dauphiné Libéré (2.HC),,,
,28,,Points classification,,,
,17,,General classification,,32,
13.06,28,,Stage 7 - Grenoble › Grenoble,200,,
12.06,6,16,Stage 6 - Gap › Grenoble,144,7,
10.06,25,21,Stage 4 (ITT) - Bédoin › Le Mont Ventoux,21.6,,
09.06,47,24,Stage 3 - Saint-Etienne › Aubenas,180,,
08.06,17,14,Stage 2 - Bron › Saint-Etienne,181,,
07.06,63,18,Stage 1 - Megève › Bron,231,,
06.06,18,18,Stage 0 (ITT) - Megève › Megève,5.4,,
19.05 » 23.05,,,Tour du Languedoc-Rousillon (2.1),,,
19.05,DNF,,Stage 1 - Maury › Port-Vendres,167,,
02.05,9,,Trophée des Grimpeurs (1.3),134,16,
25.04,117,,Liège - Bastogne - Liège (CDM),258.5,5,
13.04,2,,Paris-Camembert (1.2),200,55,
06.04 » 09.04,,,Circuit de la Sarthe (2.3),,,
,1,,Youth classification,,,
,2,,Mountains classification,,,
,4,,Points classification,,,
,1,,General classification,,100,
09.04,1,,Stage 4 - Evron › Le Mans,181,20,
08.04,27,37,Stage 3 - Montreuil-Juigné › Evron,189,,
07.04,43,41,Stage 2 - Vallet › Montreuil-Juigné,198.9,,
06.04,45,46,Stage 1 - Saint-Jean-de-Monts › Vallet,181.6,,
02.04,25,,Route Adélie de Vitré (1.3),185,,
27.03 » 28.03,,,Critérium International (2.1),,,
,66,,General classification,,,
28.03,43,,Stage 3 (ITT) - Charleville-Mézières › Charleville-Mézières,8.3,,
28.03,97,84,Stage 2 - Les Vieilles Forges › Monthermé,98.5,,
27.03,72,72,Stage 1 - Rethel › Charleville-Mézières,190.5,,
07.03 » 14.03,,,Paris - Nice (2.HC),,,
,15,,Youth classification,,,
,56,,General classification,,5,
14.03,53,,Stage 8 - Nice › Nice,144,,
13.03,77,67,Stage 7 - Digne-les-Bains › Cannes,185.5,,
12.03,50,74,Stage 6 - Rasteau › Gap,173.5,,
11.03,94,113,Stage 5 - Le Puy-en-Velay › Rasteau,215,,
09.03,126,124,Stage 3 - La Chapelle-Saint-Ursin › Roanne,227.5,,
08.03,86,54,Stage 2 - Chaville › Montargis,166.5,,
07.03,30,30,Stage 1 (ITT) - Chaville › Issy-les-Moulineaux / Vanves,13.2,,
29.02,60,,Kuurne-Bruxelles-Kuurne (1.2),193,,
21.02 » 22.02,,,Criterium des Espoirs (2.5),,,
,3,,General classification,,14,
22.02,11,,Stage 3 - Saint-Jean-de-Luz › Saint-Jean-de-Luz,91,,
22.02,3,,Stage 2 - Saint-Jean-de-Luz › Col d'Ibardin,73,1,
20.01 » 25.01,,,Jacob's Creek Tour Down Under (2.3),,,
,40,,General classification,,,
25.01,56,,Stage 6 - Adelaide › Adelaide,81,,
24.01,43,40,Stage 5 - Willunga › Willunga,147,,
23.01,52,47,Stage 4 - Unley › Hahndorf,141,,
22.01,78,52,Stage 3 - Goolwa › Victor Harbor,150,,
21.01,37,38,Stage 2 - Norwood › Kapunda,157,,
20.01,76,76,Stage 1 - Adelaide › Adelaide,50,,
10.10,39,,World Championships U23 - Road Race (WC),174,,
07.10,4,,World Championships U23 - ITT (WC),30.3,7,
04.09 » 13.09,,,Tour de l'Avenir (2.5),,,
,6,,General classification,,6,
13.09,30,,Stage 10 - La Crau  › La Crau ,128,,
12.09,11,,Stage 9 - Rousset-Sur-Arc › Solliès-Ville ,199,,
11.09,20,,Stage 8 - L'Isle-sur-la-Sorgue › Rousset-sur-Arc,174,,
10.09,22,,Stage 7 - Mende  › Valréas ,173,,
09.09,17,,Stage 6 - Saint-Flours › Mende ,137,,
08.09,46,,Stage 5 - Maurs  › Saint-Flour,155,,
07.09,2,,Stage 4 - Sainte-Sévère-sur-Indre › Le Rouget ,233.5,2,
06.09,49,,Stage 3 - Sassay  › Aigurande ,171.2,,
05.09,65,,Stage 2 - Bonneval  › Sassay ,147,,
04.09,8,,Stage 1 (ITT) - Bonneval › Bonneval,10.7,,
27.08 » 31.08,,,Okolo Slovenska (2.3),,,
,2,,Youth classification,,,
,30,,Mountains classification,,,
,29,,General classification,,,
31.08,16,,Stage 5 (ITT) - Stary Smokovec › Stary Smokovec,31.7,,
30.08,38,,Stage 4 - Eurocamp FICC › Tatranska Lomnica,191.4,,
29.08,23,,Stage 3 - Banska Stiavnica › Strbske Pleso,221,,
28.08,58,,Stage 2 - Zilina › Banska Stiavnica,178.1,,
27.08,50,,Stage 1 - Zilina › Zilina,179.3,,
15.08,16,,European Championships U23 - ITT (CC),32,,
10.08,3,,Scandinavian Open Road Race (1.5),197.2,7,
29.06,3,,National Championships Sweden - Road Race (NC),216,7,
24.06,3,,National Championships Sweden - ITT (NC),50,2,
18.05 » 25.05,,,FBD Milk Ras (2.5),,,
,1,,Youth classification,,,
,4,,Mountains classification,,,
,19,,Points classification,,,
,9,,General classification,,2,
25.05,28,,Stage 8 - Dublin › Dublin,40,,
24.05,29,9,Stage 7 - Donegal › Oldcastle,180,,
23.05,3,9,Stage 6 - Buncrana › Oldcastle,167,1,
22.05,23,10,Stage 5 - Letterkenny › Buncrana,146,,
21.05,23,4,Stage 4 - Ballina › Letterkenny,173,,
20.05,11,4,Stage 3 - Clifden › Ballina,142,,
19.05,23,4,Stage 2 - Roscrea › Clifden,188,,
18.05,59,10,Stage 1 - Dublin › Roscrea,135,,
10.04 » 14.04,,,Circuit des Ardennes International (2.6),,,
,1,,Youth classification,,,
,10,,Mountains classification,,,
,11,,Points classification,,,
,1,,General classification,,25,
14.04,26,,Stage 4b - Charleville-Mézières › Charleville-Mézières,76,,
13.04,1,1,Stage 4a (ITT) - Saint-Laurent › Gernelle,13,5,
12.04,50,26,Stage 3 - Sedan › Sedan,139,,
11.04,31,26,Stage 2 - Nouzonville › Nouzonville,132,,
10.04,55,55,Stage 1 - Nouvion › Nouvion,164,,
12.10,73,,World Championships MJ - Road Race (WC),128,,
09.10,6,,World Championships MJ - ITT (WC),23.2,22,
09.09,4,,Grand Prix Rüebliland (2.HC),,36,
29.06,1,,National Championships Sweden MJ - Road Race (NC),,20,
26.06,1,,National Championships Sweden MJ - ITT (NC),,10,
13.10,6,,World Championships MJ - Road Race (WC),121,60,
10.10,4,,World Championships MJ - ITT (WC),18.9,30,
26.06,1,,National Championships Sweden MJ - ITT (NC),,10,
14.06 » 17.06,,,Trofeo Karlsberg (2.1),,,
,26,,General classification,,,
